0
-12.6130942204072
65.7520832872087
-1.05598092543320
103.350939222056
64.9880075470366
-203.690537753451
276.958219214581
246.163303244886
47.2833557135688
-261.026211605928
190.826721134016
-177.380897099024
-270.828020620572
279.234228558203
-147.944552335205
-242.947883689241
94.7241121231946
-179.605815681164
275.788019971342
-223.246020641073
-4.95938407036106
-243.847899860292
112.102330316594
-267.838950017754
-232.858180178125
265.788853366945
229.214723050959
201.821252484177
153.337624169800
238.037577656965
-265.517251335287
-138.573953327352
74.4211678540867
43.8876037732452
-102.059624155111
-279.981661522966
11.8201454513989
32.0717625810852
-119.420385378746
-278.312142262149
-214.203910811397
274.686304814192
188.069725361280
-52.0690043294865
-226.566875377966
-33.2059652618472
-74.7517355509961
-126.527771837087
234.835330823651
-175.490431143102
-243.705541832980
-253.746264350915
-73.8479981555039
146.110318262896
287.075394177582
285.358856491250
-10.4561192468326
-80.6376284325253
250.036150610418
-260.743109744887
127.393225554131
296.681127553285
197.356125931134
254.446566488114
186.010599787154
-266.427465327144
-122.675772850928
114.051086988126
134.187955363548
-0.835388447992173
66.1367397065572
69.5070944738505
-219.448752750344
250.257790426872
175.825978540602
258.482662577406
276.869980946176
-282.382876195408
-116.841499297279
-27.3824368256804
287.955740691752
202.815798127852
-173.014141178145
35.9598138272421
-124.276021390126
-285.534454859219
271.225587490205
276.719521043441
246.181762160237
-17.3023402194881
-139.339539347873
-129.934604455502
-282.997255530170
269.465493471935
263.138724190829
-279.112952775796
285.030967250108
284.547828152857
-240.662533562775
272.787501593791
83.2473593666648
-3.99146417561568
-100.338879636241
-58.7710826493741
50.9497917976210
221.143310526996
39.6782681584229
290.584516183772
275.113117008571
224.270903321639
256.040196601696
-152.773812682664
263.644091594549
-254.263361457876
248.124316561162
286.551698502294
271.586438780373
256.977653484960
-266.355672190880
157.454591833750
335.165639444684
-39.3769992885709
238.347974094948
268.329753695408
27.4135239833909
-65.2935897506085
-269.228560165396
169.606189105786
284.404490030749
-10.9361739398957
261.314623567581
126.310396246296
242.980691618338
-255.515622273617
172.919303800834
148.174743773248
49.1618644436809
223.037611013357
268.661990173078
195.227359205823
141.547049189017
2.81825217231358
-266.373920064106
-94.8929929582684
-60.3357676961328
274.600602630872
62.3011997217759
-26.0762991293010
-227.914107769261
-269.216268570299
80.4666144907596
-189.293162719746
167.634320814267
222.004720721850
262.004326505327
-267.340926486187
-256.285168863175
-201.034302920456
-138.100269020396
-240.329986806039
292.096866793507
231.220050673996
61.7296025947818
-201.775875440481
-83.8203576155821
275.743539082314
107.648085926339
84.1802469296869
140.150855909563
254.851452270091
-273.037284923710
269.762877802066
278.202084194665
192.661779223534
-135.153475304292
-124.405983250621
147.323761787890
-247.614039984215
-195.857014307393
-7.94397441026642
237.245584296770
-228.026392196229
-275.061272393971
100.046853456762
162.914181132229
276.553123358745
277.923120899218
-243.496554946378
-274.560585453188
-273.140199955417
-272.433424629090
264.980507157346
201.500415162695
-215.978429561909
239.879177002066
-63.5569818559170
-278.571055454780
281.309194466081
239.227730494134
-266.790296456563
-93.5035641519510
-275.244510007523
-20.2169211476652
-179.224544504706
-123.525317465523
-128.542255701925
145.014607893423
-231.388894244965
231.856733232528
-161.398302780929
156.263386922527
239.053266354234
269.822295003899
-48.0783714851789
125.138193785034
-250.959137686292
78.9187259314562
-114.178077762693
164.763622223411
127.063575228151
-66.5782177953804
-180.852932900391
254.608911687271
-24.8405932105736
-237.764244611319
-169.800362110530
145.593909784253
178.454774917199
-62.4830567849667
281.555230923702
-279.270894308234
160.737263656947
186.759334701720
229.890209513049
262.371968291841
-273.753417454459
-195.696235007780
-65.1165635176194
-261.856855256332
-159.053410619252
-243.019909447544
197.116928369940
263.316687232725
229.970446601688
-189.660559345242
-75.5087235320096
-99.3648696459102
-108.935599740672
87.3650122140054
268.339177539405
-233.475113381670
99.0937478863277
59.7158068684955
157.433381611906
91.1271704859558
-82.5792896465793
-262.369334081673
-282.395281639463
158.309436820726
276.451161951059
281.719864462077
164.566048157730
-107.546426076542
269.090744413275
280.295505900624
-225.685917036019
-123.287495793069
-179.549903194321
-264.752692836849
-278.268781089754
-74.3041002686693
237.309564731440
-249.918497143512
-281.623147463348
-87.2505187371619
-212.971779069628
-183.034439643381
73.4577431248914
272.442381598132
-265.997540332032
-272.160116624675
-278.150711932444
-31.9747946330417
-271.661252668333
-102.556683937164
-277.642093217751
-130.026568702872
230.456521163658
234.912170299588
-127.830265087699
32.5437233953909
-191.480169111861
-183.931186186922
278.903962427578
254.158207015333
31.8380248071211
221.434382885742
-128.926654402951
-249.844516725785
22.4391981472689
-219.998007507418
-136.577561965190
-194.819107053828
175.605693568942
-105.324636585703
232.484922575144
18.2172610543807
-272.734116418158
10.8918492792410
-64.6512872292407
238.974800448394
-242.641440954835
-230.439695966008
-277.193454769810
-282.223405964240
-63.9574525715753
-71.8187383185331
-99.3522973528270
-212.528292243026
-214.450416064516
-276.508894578799
115.004833317844
270.629007332687
82.7339655387100
-179.969565362205
-204.764900626862
-193.976832308838
-271.790424063552
-5.18532219959699
-281.456890436195
-143.741239959361
-152.754209638643
-19.4393835361762
283.040515251224
-18.7505738541206
27.8411054098885
-51.2987807707627
281.977432938910
-69.2195066174403
-257.310862305557
-170.036512566436
-104.732462759141
-95.0050380101308
-279.935210341873
162.006798769523
-141.546976242919
-229.588361376097
-169.602414593452
-147.215259353884
-274.793498850354
-218.925992823519
209.179588662134
-280.759333631288
203.590334004187
261.283913981738
186.887101121192
241.897382682131
-280.655314584213
257.428797417896
135.716012931985
-257.081485360709
-258.844779721716
-108.012931435388
76.7539244047523
16.4171214124048
-178.320582066487
-273.297071369416
-238.909251605561
-280.310314394501
227.765128221433
187.366189292746
224.451124951567
-27.9262728982515
233.388534080881
206.715718624124
-261.528370164758
279.751650675732
257.301205815430
-22.8131353317820
32.6611680911074
-98.8304573057198
-257.936025036792
-277.468760055839
-239.809588008630
-38.0767707693751
260.875334925264
279.650061945735
220.058188162255
-34.7441306553164
-39.1500250758477
-104.751010428910
7.26891772824540
-263.784044571513
-279.583838109123
-186.143054541075
-262.426930022509
-226.246078129461
-213.360387741635
-95.2474235789946
-278.849128414802
-186.338795397974
-246.607834823065
-228.866598131205
232.374794750974
213.700769196177
-39.2782678638505
-210.924278890236
-278.269422095663
-223.328838197732
-98.7905246899489
-230.963128733060
-92.5317479328945
74.3064688667535
-4.92468718817631
-280.731429809934
276.560614866036
-84.8757643171997
114.674646696346
-256.037916388440
86.0903394893056
-182.308587605349
-203.555758852976
-60.9110020005686
165.637815824150
155.192292688270
32.7420632464156
280.078822122158
194.769406497712
256.047558283914
254.770196279511
-133.260587040890
-148.325919207738
-247.199040687390
27.8521492760206
-81.1000880587993
-17.8879692836000
279.772766356533
-251.444088898196
189.545033720095
102.043424985037
-244.427366420764
146.123525006915
262.165252252414
-37.1362915726071
-75.3657641011076
274.961563353041
259.007887629412
-264.002882568203
-269.971080898951
-277.738010879301
6.65507849647194
267.338139538866
129.009351373266
248.659269550748
237.789232862166
-247.798568843270
-4.46630622368968
214.414908141406
-216.396215806733
-270.992626400417
-257.121033336953
-260.243657601682
-176.215600885972
-248.556128043242
218.872305087838
240.141027362878
-11.3601812149127
-248.557090456452
78.6157238542459
138.288708880785
133.764795655489
-281.861087100331
169.090179060222
-83.2606979538707
-30.6150930416561
107.335907544866
125.976628439104
149.789095113561
-188.126125843111
142.700590287704
-266.305617012017
-216.877310756409
-265.961329662409
-280.645425194522
99.5243928789873
-258.981976350405
274.349209640756
227.748894016526
-94.2193919846159
118.143497146915
196.205004150076
-179.143204503450
-128.845129224082
-111.329228159683
-157.916066212388
269.788095629671
279.841630341331
-247.828093005418
-281.983880250590
197.388665674091
107.978267763433
75.4521739743530
268.698046347317
-165.180430635643
-81.1327803202309
117.452455277042
-244.247030758406
280.975248948750
-159.464069181364
47.3443457039009
123.437776007349
0
0
-47.3443457039009
159.464069181364
-280.975248948750
244.247030758406
-117.452455277042
81.1327803202309
165.180430635643
-268.698046347317
-75.4521739743530
-107.978267763433
-197.388665674091
281.983880250590
247.828093005418
-279.841630341331
-269.788095629671
157.916066212388
111.329228159683
128.845129224082
179.143204503450
-196.205004150076
-118.143497146915
94.2193919846159
-227.748894016526
-274.349209640756
258.981976350405
-99.5243928789873
280.645425194522
265.961329662409
216.877310756409
266.305617012017
-142.700590287704
188.126125843111
-149.789095113561
-125.976628439104
-107.335907544866
30.6150930416561
83.2606979538707
-169.090179060222
281.861087100331
-133.764795655489
-138.288708880785
-78.6157238542459
248.557090456452
11.3601812149127
-240.141027362878
-218.872305087838
248.556128043242
176.215600885972
260.243657601682
257.121033336953
270.992626400417
216.396215806733
-214.414908141406
4.46630622368968
247.798568843270
-237.789232862166
-248.659269550748
-129.009351373266
-267.338139538866
-6.65507849647194
277.738010879301
269.971080898951
264.002882568203
-259.007887629412
-274.961563353041
75.3657641011076
37.1362915726071
-262.165252252414
-146.123525006915
244.427366420764
-102.043424985037
-189.545033720095
251.444088898196
-279.772766356533
17.8879692836000
81.1000880587993
-27.8521492760206
247.199040687390
148.325919207738
133.260587040890
-254.770196279511
-256.047558283914
-194.769406497712
-280.078822122158
-32.7420632464156
-155.192292688270
-165.637815824150
60.9110020005686
203.555758852976
182.308587605349
-86.0903394893056
256.037916388440
-114.674646696346
84.8757643171997
-276.560614866036
280.731429809934
4.92468718817631
-74.3064688667535
92.5317479328945
230.963128733060
98.7905246899489
223.328838197732
278.269422095663
210.924278890236
39.2782678638505
-213.700769196177
-232.374794750974
228.866598131205
246.607834823065
186.338795397974
278.849128414802
95.2474235789946
213.360387741635
226.246078129461
262.426930022509
186.143054541075
279.583838109123
263.784044571513
-7.26891772824540
104.751010428910
39.1500250758477
34.7441306553164
-220.058188162255
-279.650061945735
-260.875334925264
38.0767707693751
239.809588008630
277.468760055839
257.936025036792
98.8304573057198
-32.6611680911074
22.8131353317820
-257.301205815430
-279.751650675732
261.528370164758
-206.715718624124
-233.388534080881
27.9262728982515
-224.451124951567
-187.366189292746
-227.765128221433
280.310314394501
238.909251605561
273.297071369416
178.320582066487
-16.4171214124048
-76.7539244047523
108.012931435388
258.844779721716
257.081485360709
-135.716012931985
-257.428797417896
280.655314584213
-241.897382682131
-186.887101121192
-261.283913981738
-203.590334004187
280.759333631288
-209.179588662134
218.925992823519
274.793498850354
147.215259353884
169.602414593452
229.588361376097
141.546976242919
-162.006798769523
279.935210341873
95.0050380101308
104.732462759141
170.036512566436
257.310862305557
69.2195066174403
-281.977432938910
51.2987807707627
-27.8411054098885
18.7505738541206
-283.040515251224
19.4393835361762
152.754209638643
143.741239959361
281.456890436195
5.18532219959699
271.790424063552
193.976832308838
204.764900626862
179.969565362205
-82.7339655387100
-270.629007332687
-115.004833317844
276.508894578799
214.450416064516
212.528292243026
99.3522973528270
71.8187383185331
63.9574525715753
282.223405964240
277.193454769810
230.439695966008
242.641440954835
-238.974800448394
64.6512872292407
-10.8918492792410
272.734116418158
-18.2172610543807
-232.484922575144
105.324636585703
-175.605693568942
194.819107053828
136.577561965190
219.998007507418
-22.4391981472689
249.844516725785
128.926654402951
-221.434382885742
-31.8380248071211
-254.158207015333
-278.903962427578
183.931186186922
191.480169111861
-32.5437233953909
127.830265087699
-234.912170299588
-230.456521163658
130.026568702872
277.642093217751
102.556683937164
271.661252668333
31.9747946330417
278.150711932444
272.160116624675
265.997540332032
-272.442381598132
-73.4577431248914
183.034439643381
212.971779069628
87.2505187371619
281.623147463348
249.918497143512
-237.309564731440
74.3041002686693
278.268781089754
264.752692836849
179.549903194321
123.287495793069
225.685917036019
-280.295505900624
-269.090744413275
107.546426076542
-164.566048157730
-281.719864462077
-276.451161951059
-158.309436820726
282.395281639463
262.369334081673
82.5792896465793
-91.1271704859558
-157.433381611906
-59.7158068684955
-99.0937478863277
233.475113381670
-268.339177539405
-87.3650122140054
108.935599740672
99.3648696459102
75.5087235320096
189.660559345242
-229.970446601688
-263.316687232725
-197.116928369940
243.019909447544
159.053410619252
261.856855256332
65.1165635176194
195.696235007780
273.753417454459
-262.371968291841
-229.890209513049
-186.759334701720
-160.737263656947
279.270894308234
-281.555230923702
62.4830567849667
-178.454774917199
-145.593909784253
169.800362110530
237.764244611319
24.8405932105736
-254.608911687271
180.852932900391
66.5782177953804
-127.063575228151
-164.763622223411
114.178077762693
-78.9187259314562
250.959137686292
-125.138193785034
48.0783714851789
-269.822295003899
-239.053266354234
-156.263386922527
161.398302780929
-231.856733232528
231.388894244965
-145.014607893423
128.542255701925
123.525317465523
179.224544504706
20.2169211476652
275.244510007523
93.5035641519510
266.790296456563
-239.227730494134
-281.309194466081
278.571055454780
63.5569818559170
-239.879177002066
215.978429561909
-201.500415162695
-264.980507157346
272.433424629090
273.140199955417
274.560585453188
243.496554946378
-277.923120899218
-276.553123358745
-162.914181132229
-100.046853456762
275.061272393971
228.026392196229
-237.245584296770
7.94397441026642
195.857014307393
247.614039984215
-147.323761787890
124.405983250621
135.153475304292
-192.661779223534
-278.202084194665
-269.762877802066
273.037284923710
-254.851452270091
-140.150855909563
-84.1802469296869
-107.648085926339
-275.743539082314
83.8203576155821
201.775875440481
-61.7296025947818
-231.220050673996
-292.096866793507
240.329986806039
138.100269020396
201.034302920456
256.285168863175
267.340926486187
-262.004326505327
-222.004720721850
-167.634320814267
189.293162719746
-80.4666144907596
269.216268570299
227.914107769261
26.0762991293010
-62.3011997217759
-274.600602630872
60.3357676961328
94.8929929582684
266.373920064106
-2.81825217231358
-141.547049189017
-195.227359205823
-268.661990173078
-223.037611013357
-49.1618644436809
-148.174743773248
-172.919303800834
255.515622273617
-242.980691618338
-126.310396246296
-261.314623567581
10.9361739398957
-284.404490030749
-169.606189105786
269.228560165396
65.2935897506085
-27.4135239833909
-268.329753695408
-238.347974094948
39.3769992885709
-335.165639444684
-157.454591833750
266.355672190880
-256.977653484960
-271.586438780373
-286.551698502294
-248.124316561162
254.263361457876
-263.644091594549
152.773812682664
-256.040196601696
-224.270903321639
-275.113117008571
-290.584516183772
-39.6782681584229
-221.143310526996
-50.9497917976210
58.7710826493741
100.338879636241
3.99146417561568
-83.2473593666648
-272.787501593791
240.662533562775
-284.547828152857
-285.030967250108
279.112952775796
-263.138724190829
-269.465493471935
282.997255530170
129.934604455502
139.339539347873
17.3023402194881
-246.181762160237
-276.719521043441
-271.225587490205
285.534454859219
124.276021390126
-35.9598138272421
173.014141178145
-202.815798127852
-287.955740691752
27.3824368256804
116.841499297279
282.382876195408
-276.869980946176
-258.482662577406
-175.825978540602
-250.257790426872
219.448752750344
-69.5070944738505
-66.1367397065572
0.835388447992173
-134.187955363548
-114.051086988126
122.675772850928
266.427465327144
-186.010599787154
-254.446566488114
-197.356125931134
-296.681127553285
-127.393225554131
260.743109744887
-250.036150610418
80.6376284325253
10.4561192468326
-285.358856491250
-287.075394177582
-146.110318262896
73.8479981555039
253.746264350915
243.705541832980
175.490431143102
-234.835330823651
126.527771837087
74.7517355509961
33.2059652618472
226.566875377966
52.0690043294865
-188.069725361280
-274.686304814192
214.203910811397
278.312142262149
119.420385378746
-32.0717625810852
-11.8201454513989
279.981661522966
102.059624155111
-43.8876037732452
-74.4211678540867
138.573953327352
265.517251335287
-238.037577656965
-153.337624169800
-201.821252484177
-229.214723050959
-265.788853366945
232.858180178125
267.838950017754
-112.102330316594
243.847899860292
4.95938407036106
223.246020641073
-275.788019971342
179.605815681164
-94.7241121231946
242.947883689241
147.944552335205
-279.234228558203
270.828020620572
177.380897099024
-190.826721134016
261.026211605928
-47.2833557135688
-246.163303244886
-276.958219214581
203.690537753451
-64.9880075470366
-103.350939222056
1.05598092543320
-65.7520832872087
12.6130942204072