0
-281.145397310287
-399.868465055327
-140.961499359649
-111.121772049285
-236.334715159909
40.2820342861084
225.364718682522
227.830424086735
-424.996646416824
191.532575494004
141.323107850912
-41.1476903030698
-145.689124803521
322.623197371410
387.115657250014
396.457022585416
405.456364708754
401.105297300485
183.412129181143
1.44858878847626
-56.7132524281751
-247.335403208595
-427.885074992238
-155.270583886440
72.2446529103407
131.579720224196
-6.15414128361213
154.324242484205
277.919212245443
296.744856854360
331.506407826809
347.077263994505
-89.4938450279434
17.8829837064068
257.988588076661
181.718404389374
333.629736549955
414.793867705824
421.302144757566
-4.42001399389648
-325.962224636499
-402.965891678900
-414.115143342348
-273.455029283184
-3.21489114774434
410.484658632048
-209.760295108643
-83.9437458980334
115.974560356437
330.817134451663
429.316712642997
-398.257811753017
-416.954795498608
-412.897108200815
-399.557316768489
90.4820906801003
173.322288915876
90.3958026298865
-315.146351526593
-328.442115437007
-161.349020576191
-20.2419627751272
225.514063042111
245.088684392451
9.45304497913376
322.924896522214
336.833955837739
66.5339583965291
247.425184614968
419.587225310775
438.734363900303
439.404843125026
397.942163030492
439.320808736425
438.942100370743
-322.626392113330
-136.198840578570
-106.175249623741
-108.924124395112
62.8624744472884
337.249648130873
158.715952105275
-126.500957360059
-194.973934714273
-79.1441087395894
233.631666935115
348.538930966473
439.551117272442
351.965899152604
-12.8363966397189
405.033204739350
439.549017344187
280.182919914965
-398.578637907138
-338.048475561655
-96.2165156154056
214.515938516902
431.823265890694
367.278741072275
-152.575835190982
-395.065485379145
152.743070882200
-411.704262673041
-370.780049214224
-293.030327334364
-368.510034127259
-283.100368078564
401.797156309529
269.296988201810
-275.076432372838
-120.527257302569
173.364824075928
396.942913225134
-28.2131187039833
-75.5147120054151
-187.977668703581
-410.110312326436
-229.957555302846
229.473727103641
124.818767621648
-303.471736146631
-194.792188494067
-354.660384806791
-222.425042605587
148.435139195895
179.349529668308
106.687648682917
281.552180081364
271.414128856796
-439.465696469302
-406.781880085925
-301.960802339051
80.3323181921229
284.586402313381
-295.990079950470
-198.503040885108
-270.458288070806
-420.979716943791
-67.0875045335632
-18.3139597901287
-355.727879686679
-395.543217057847
-290.046917871914
-186.370818630742
-31.2737148595027
169.240577167695
158.430763043090
139.326067216275
291.631070302807
-416.649274082853
-208.254982607286
-43.4240734261071
-11.1510361954455
-38.6474403271068
54.5948207791137
186.678863222520
-187.940845200838
-17.2729490039831
66.4329441557959
-86.3292725942598
153.709830458195
272.865545574407
-143.083505883793
-131.089496568024
33.8109434516337
106.435486575337
145.666089625192
79.3857243909652
94.5481933091332
258.071251420385
150.591375759084
81.4075213496121
216.972293775132
15.1159750461440
-215.283597434949
-65.5903450721250
186.542044178022
336.668670698183
151.883258411268
-134.892200144671
-117.731122332859
-119.419723981289
-92.1555209594722
-110.773662728358
-105.834966469032
-98.1167036919785
-71.8638487888460
95.4337446591819
274.732839393946
341.333252955286
2.34818290829330
-183.142789208820
-19.8171442394351
129.611924060710
228.467575498458
177.390935919948
-340.236685903148
-195.021943266715
-67.1960249107251
56.4843770791385
-62.0109237492675
-60.8724335359497
83.1305912690009
243.805957588305
207.622248470369
-76.0560717145860
-39.7291455154304
25.1064727327218
31.0294587719310
-36.8100105987597
1.38784863794325
143.796840037924
38.8796523488345
-94.1681874621991
-12.9474859016605
-223.596165681732
-301.996800931241
-114.974730080681
71.0527620984998
166.096865002476
112.500401197334
-6.56899531123710
52.1790585144854
190.435882385516
202.635556740678
-152.741481415415
-86.5329396903030
139.605550308619
52.6565426042658
-143.653562234741
-28.8329311836920
39.6618655119149
-90.8278730671238
-65.3011456331870
69.3475834682107
97.4853011699366
48.8614223390703
-33.6734655017318
-79.1693762184570
-113.559282319436
-184.815745915607
-107.875383070388
-11.4570411305129
37.7312930091764
151.698972227482
59.5311555692433
-40.5411450614058
114.180957180210
217.066986816384
-21.7275490641130
-141.022526363972
-168.533995225443
-1.39116637114165
79.4732664902381
-21.6594161729232
14.7830968164864
-60.9864385524755
-71.9678426325705
44.0339919490831
-25.8343123181131
-40.1337329521981
-181.145834205600
-318.222647302188
-290.594013320331
-225.202302976945
29.4792972235815
323.268093389918
287.816848400795
114.430535049544
163.186771428309
-1.53022472206175
-70.9952946063802
99.6191115735541
177.616119010475
11.3310170054601
-9.93751269191253
-19.5638584658792
-101.046463426506
-140.769832012301
-20.8271411958382
97.7039061331643
196.702141608085
206.206467488160
-137.055021218821
-159.741507417573
15.4543186331768
204.889415911323
232.270906779411
219.427132791170
241.077826813390
69.3698083542456
-75.0855138980858
3.69945984311593
7.69424966833998
-197.057459314017
-286.425470972070
-182.822340831882
-64.8589900697547
-123.396054493664
-196.478968579796
-82.5375494698959
98.4498565480630
231.799795244246
-205.794166733724
-266.561275356277
-164.806430083416
35.8562180455747
54.5366506538421
110.347297498881
238.747147270526
247.923708569933
6.15624221762263
25.4598013540541
92.8663395775120
82.9320494209222
-11.0071234248136
136.384660774976
101.371184172970
70.8904439438904
193.508163760984
28.8977553073993
-2.10562270893647
182.884411716407
262.482676933960
274.846408833514
-104.560190870462
-166.428750229031
73.5926019028834
225.592416840976
276.413346479394
336.137489117123
-175.236011464701
-304.321162334443
-110.844457685346
24.0112954131533
3.10987399070473
19.0859117907040
-123.975559395155
41.8018883769741
245.297337978304
-251.326050193880
-193.782926824061
172.521261852394
398.770159948149
158.880044340043
-422.963975159707
-277.651166253013
-32.6203115078408
128.178992739088
122.566481326354
48.3282860139016
132.684003736643
172.492142073085
-49.4036756463854
-27.8399161826402
110.716809820625
168.800494524063
75.5447902041029
8.12546587584731
220.486358883949
427.067437437176
-380.928526632810
-252.598716041524
-201.911110731673
-88.7238699670420
76.4895823997142
164.593517052554
228.566591765343
-276.857530420682
-199.397940836857
145.678795997066
411.301123817289
-435.877815382373
-391.528368917679
-212.802903305793
-43.7518302608963
77.7205783606706
5.32076079199493
-194.459086582102
-171.741522026016
-140.150234114352
-98.3475808502639
-96.1860668239300
-164.992282619472
-146.528772940897
56.1425589878214
298.078410887279
97.2582326472832
-222.169053311426
-124.647102648348
171.764664095924
366.402355496520
-176.639641966784
-104.793073805125
-171.331816755320
-101.508231008556
96.0446312698161
181.907107460848
143.518818480208
-15.7077575019283
81.3426629461413
172.112304663447
24.4673403667606
61.8331559286333
-69.6047949044763
-60.9519968929905
52.8515649787866
53.4604033891393
80.8911071912047
-278.296208532928
27.4618872960308
375.803410528961
-359.173273141036
-169.653994728839
80.4729513204025
95.6803154336533
49.5612117905281
161.209070590708
113.951535679320
-92.4346425409711
-47.5079367297387
89.8581725608694
31.9965419925862
-253.332087214645
-72.3449282044105
54.1792023085517
-214.946386110385
-201.779135681221
100.160149073000
296.772534013344
349.959174315940
129.734525907893
-78.9006156277262
-268.039113698292
-215.654460334981
-253.276827514201
-311.022735094007
-195.107547960395
-3.76166807683784
45.0231134546239
63.4870443336085
170.885350210033
329.982560578968
426.885872699677
-143.842715365729
-245.908334848525
-197.582051633081
-183.932893541491
54.3454721383825
218.690538201589
-322.143429199083
-323.800578527844
-227.039826037850
-49.1454623123704
95.4915708231871
131.595144691792
-99.5363933182444
-208.284328828626
-323.346993519594
-214.893053093766
-24.3176351753454
58.2215569936079
-391.465741036433
-167.445398572319
93.9201488100684
152.344543345984
-104.001665098609
-118.709366780169
-73.2186303055706
113.484991362302
248.255027374417
205.655699239483
74.7507073502564
208.810328388339
315.014381601547
-26.1250379867132
21.4363218667363
-11.2282536902079
6.04275964006725
26.0826023156099
128.434798177871
169.005712055331
110.193506710302
-81.8463988467889
-170.297440821705
15.6934278566336
83.5100687003522
-165.184801728739
-132.860218698541
2.38634663670477
82.9180580432797
-181.621726799671
-227.697086581200
-111.630017213873
92.3287280159886
238.182654299329
254.936380366852
-51.3127060229658
-6.59986055321510
134.544394511727
-67.1038492475921
-34.7666872576157
211.773583713366
247.806565480821
-69.0995880593637
-56.7936168842480
-14.7709000333075
-123.502591759470
-145.954263980565
-42.3470912460924
8.34378846763543
0
-8.34378847083884
42.3470912219771
145.954263681659
123.502591629450
14.7709000635249
56.7936168352057
69.0995877146449
-247.806567227194
-211.773583876757
34.7666872098910
67.1038492772217
-134.544394604303
6.59986053683759
51.3127060776957
-254.936380770408
-238.182654371758
-92.3287280251303
111.630017175322
227.697086102751
181.621726975918
-82.9180581443086
-2.38634663640894
132.860218509740
165.184801586128
-83.5100689009118
-15.6934278520736
170.297440173205
81.8463989243017
-110.193506874806
-169.005712282807
-128.434798184532
-26.0826023034226
-6.04275963375507
11.2282536894662
-21.4363218239588
26.1250379579648
-315.014383050707
-208.810328429050
-74.7507073710212
-205.655699312513
-248.255027330021
-113.484991331445
73.2186302990895
118.709366720057
104.001665132945
-152.344543491220
-93.9201487937229
167.445397989691
391.465741701642
-58.2215570797615
24.3176351618874
214.893052838273
323.346993104749
208.284327672234
99.5363937540541
-131.595145244326
-95.4915708627940
49.1454623005913
227.039825751593
323.800573880338
322.143433127779
-218.690538815354
-54.3454721060385
183.932893195036
197.582051411757
245.908312824375
143.842728153445
-426.885874337857
-329.982560902766
-170.885350243228
-63.4870443185036
-45.0231134626526
3.76166807734906
195.107547885644
311.022734681890
253.276827492706
215.654459919718
268.039111650419
78.9006154536618
-129.734527334157
-349.959175127425
-296.772534043278
-100.160149045357
201.779135383436
214.946386224727
-54.1792023632031
72.3449281373646
253.332085826668
-31.9965421691473
-89.8581725370109
47.5079366094438
92.4346426844656
-113.951535864398
-161.209070587112
-49.5612117351728
-95.6803155978470
-80.4729513535444
169.653994580896
359.173265946655
-375.803417985595
-27.4618872561271
278.296207738757
-80.8911074709446
-53.4604033606266
-52.8515650208850
60.9519968294605
69.6047949588641
-61.8331559017647
-24.4673403872418
-172.112304800307
-81.3426628212499
15.7077574740508
-143.518818770707
-181.907107728592
-96.0446312847359
101.508230890876
171.331816688265
104.793073361783
176.639642598881
-366.402356349639
-171.764664115423
124.647102566419
222.169052297186
-97.2582331098812
-298.078411045522
-56.1425589827672
146.528772874064
164.992282551967
96.1860668038575
98.3475808718192
140.150234093645
171.741521801104
194.459086186403
-5.32076081181370
-77.7205783971071
43.7518302438399
212.802903298471
391.528368486089
435.877807214217
-411.301131870964
-145.678796018619
199.397939732856
276.857530474358
-228.566592909165
-164.593517150338
-76.4895823853515
88.7238699160541
201.911110595645
252.598713976439
380.928526826912
-427.067441098393
-220.486358871363
-8.12546586623134
-75.5447902770205
-168.800494608309
-110.716809794565
27.8399161231804
49.4036757127120
-172.492142284393
-132.684003685638
-48.3282859934013
-122.566481452531
-128.178992775347
32.6203115039467
277.651165902948
422.963960674200
-158.880049904811
-398.770160225964
-172.521261802560
193.782925741248
251.326051132707
-245.297338276949
-41.8018883249592
123.975559400711
-19.0859117913845
-3.10987399152262
-24.0112954389608
110.844457566316
304.321141769635
175.236022967376
-336.137489992135
-276.413346677591
-225.592416885986
-73.5926018519727
166.428748897758
104.560191473537
-274.846409496482
-262.482677093126
-182.884411679705
2.10562270422213
-28.8977553723383
-193.508163808832
-70.8904438911500
-101.371184193920
-136.384660748190
11.0071234239352
-82.9320494450344
-92.8663395394860
-25.4598013229505
-6.15624222203041
-247.923708959943
-238.747147293859
-110.347297447940
-54.5366506597313
-35.8562180522649
164.806429992201
266.561274088088
205.794167331533
-231.799795811902
-98.4498565680828
82.5375494489660
196.478968505037
123.396054509114
64.8589900706698
182.822340745841
286.425470452742
197.057459365487
-7.69424967338631
-3.69945984224509
75.0855138041574
-69.3698084910186
-241.077826949111
-219.427132693281
-232.270906947132
-204.889416001045
-15.4543186312530
159.741507185208
137.055021166900
-206.206467772393
-196.702141692570
-97.7039061393363
20.8271411895056
140.769831884476
101.046463378771
19.5638584820074
9.93751268872856
-11.3310170067007
-177.616119191137
-99.6191115633496
70.9952945230389
1.53022472327856
-163.186771432958
-114.430534986500
-287.816848734907
-323.268093441575
-29.4792972228298
225.202302885065
290.594013068764
318.222646584039
181.145834585597
40.1337329518275
25.8343123280312
-44.0339919700074
71.9678426042715
60.9864385629519
-14.7830968176005
21.6594161749000
-79.4732665219395
1.39116637085536
168.533995076137
141.022526182334
21.7275490961643
-217.066987032353
-114.180957166713
40.5411450246693
-59.5311556192100
-151.698972275240
-37.7312930096697
11.4570411299218
107.875383051032
184.815745836695
113.559282285150
79.1693762226846
33.6734655169406
-48.8614223453726
-97.4853011773066
-69.3475834639143
65.3011456047763
90.8278730701261
-39.6618655280766
28.8329311760048
143.653562048638
-52.6565426724418
-139.605550309920
86.5329395165890
152.741481505394
-202.635557055822
-190.435882429404
-52.1790585055483
6.56899530930332
-112.500401251684
-166.096865040292
-71.0527620952028
114.974730045981
301.996800502261
223.596165826703
12.9474859042066
94.1681873734495
-38.8796524013142
-143.796840075564
-1.38784863759898
36.8100105964743
-31.0294587751161
-25.1064727308815
39.7291454824160
76.0560717120828
-207.622248689757
-243.805957653302
-83.1305912700887
60.8724335095171
62.0109237612268
-56.4843770966419
67.1960249098385
195.021943115085
340.236683700828
-177.390937132521
-228.467575553329
-129.611924066716
19.8171442321681
183.142788586154
-2.34818291565867
-341.333253222506
-274.732839429730
-95.4337446513396
71.8638487797791
98.1167037048188
105.834966469144
110.773662712454
92.1555209400740
119.419723972595
117.731122276998
134.892199622616
-151.883259042989
-336.668670883895
-186.542044197906
65.5903450590463
215.283596856347
-15.1159750845040
-216.972293818770
-81.4075213141048
-150.591375813479
-258.071251484436
-94.5481933077117
-79.3857243876694
-145.666089631072
-106.435486581807
-33.8109434514456
131.089496518064
143.083505889873
-272.865545664872
-153.709830448437
86.3292725694377
-66.4329441688486
17.2729489978795
187.940845221360
-186.678863303320
-54.5948207776059
38.6474403211255
11.1510361971033
43.4240734263136
208.254982275039
416.649274651230
-291.631070393443
-139.326067215665
-158.430763055555
-169.240577167957
31.2737148576223
186.370818623003
290.046917879103
395.543216988848
355.727879620415
18.3139597929986
67.0875045262440
420.979716271947
270.458288477796
198.503040856996
295.990079784426
-284.586402620576
-80.3323181980950
301.960802305327
406.781879773695
439.465695510406
-271.414129636583
-281.552180114684
-106.687648646335
-179.349529700437
-148.435139218395
222.425042483853
354.660384930394
194.792188509754
303.471735935562
-124.818767728787
-229.473727107998
229.957555268774
410.110311896373
187.977668831546
75.5147119621322
28.2131187364667
-396.942913244924
-173.364824073472
120.527257284872
275.076432225999
-269.296988361996
-401.797156314962
283.100368091088
368.510034126769
293.030327340017
370.780049186278
411.704258014454
-152.743072549133
395.065485514078
152.575835210573
-367.278741082495
-431.823265893560
-214.515938519508
96.2165156149283
338.048475544844
398.578637856721
-280.182919923737
-439.549017364022
-405.033204710670
12.8363965329590
-351.965902109505
-439.551117308218
-348.538930969787
-233.631666930748
79.1441087357252
194.973934703631
126.500957230424
-158.715952276595
-337.249648146716
-62.8624744467945
108.924124391540
106.175249615576
136.198840497175
322.626391952362
-438.942099863530
-439.320809740821
-397.942163064735
-439.404843128368
-438.734363909321
-419.587225312837
-247.425184612667
-66.5339583948483
-336.833955840008
-322.924896518924
-9.45304497935052
-245.088684393619
-225.514063039873
20.2419627752505
161.349020573207
328.442115152884
315.146351794002
-90.3958026326894
-173.322288917195
-90.4820906801801
399.557316763931
412.897107868892
416.954793540296
398.257813925176
-429.316712670419
-330.817134453080
-115.974560355988
83.9437458954526
209.760295079260
-410.484658704586
3.21489114777043
273.455029282920
414.115143336721
402.965891644870
325.962224631668
4.42001399417035
-421.302144770475
-414.793867708333
-333.629736504321
-181.718404410020
-257.988588084854
-17.8829837061477
89.4938450252757
-347.077264010336
-331.506407826716
-296.744856852042
-277.919212248602
-154.324242483868
6.15414128335652
-131.579720230193
-72.2446529104098
155.270583885471
427.885074956000
247.335403228732
56.7132524280581
-1.44858878845571
-183.412129184601
-401.105297304484
-405.456364709033
-396.457022585389
-387.115657249765
-322.623197371297
145.689124803623
41.1476903030898
-141.323107850900
-191.532575493512
424.996646417876
-227.830424086845
-225.364718682529
-40.2820342861082
236.334715159915
111.121772049288
140.961499359649
399.868465055326
281.145397310287