0
44.9679374249502
160.508369069325
220.514020436451
-77.0981332472119
-255.977192226471
-42.8583860273857
48.6389045681601
-152.122363423902
-172.405258463073
439.550917417147
331.648086322918
-245.625552098692
-280.406442624302
170.664131700640
232.667708364112
-175.460431216083
-369.886003845366
-330.487989352354
-7.93883178926276
-19.9356584142238
-298.861628039794
-362.336833950452
-222.263267537330
-7.14998041710540
-12.4001182437392
17.4532157240477
52.7663474951197
-41.5566888219946
105.797402774114
325.132442503301
53.0656840150079
26.2074890910086
235.912806700693
-428.685145438842
-381.760481474939
374.046408621746
101.192291978964
-39.9765327729893
119.036979337379
252.955064984797
14.9786084263669
-82.4384508033357
14.3134000548102
33.1217864435188
-261.791022419613
-170.515412694498
-13.1358115723737
13.5943660569290
88.7123079000221
-133.903662520825
-293.220828293935
-225.975414868270
46.3931846815047
236.216761276541
391.165675316110
-64.2990010545529
57.8882915091543
172.393787908813
323.114926593568
337.815719596099
351.692036589075
-381.171003926363
-11.5935839137236
192.102424872401
303.189781691906
289.539133910742
17.0445314842835
-59.6110433310071
-166.755965750418
-143.235337251420
-88.1192764241719
-121.720225900878
-93.6959671853106
-10.2853160051930
-335.610176499988
-342.806627563585
260.416423021718
341.188372441375
415.499260583506
401.357910283813
-223.343440268180
140.519308792659
208.347314080873
-361.370448754461
-148.433674333200
130.860002980306
-32.0036902670370
-53.9689722438213
122.205671626811
172.707771731579
71.4936983396256
101.036891960277
90.2196016505446
114.374558088000
277.676026400617
192.934510089566
-186.270371424964
223.698374322846
-330.356468166181
-414.556128313346
-198.491857052827
-31.8740657265756
-177.823259390232
-222.167382616647
-145.929660658538
-140.914403281689
-410.244407613391
106.876624597813
214.192242508969
281.624932428435
-258.605259617469
-262.045452971678
-220.955458505229
0.997810591314860
271.708824921030
119.903911902880
-165.012614987267
-70.7377736517635
277.759522061258
369.835056945887
434.614611700068
-417.838933986002
-405.421358195349
-211.564473031230
75.5805292596083
-84.6784704328868
-109.790706167016
-113.383047719061
-82.3761633466249
-114.099408295089
-75.0410905512966
-39.0294510159433
27.1040280525612
29.9640472427998
-97.3283596438728
35.1563894670679
358.886830360576
430.127643229266
-201.673485799818
80.7626904076059
46.6624937519038
39.7380498462822
212.998482228273
390.479563423380
404.430324547456
-439.194212982318
-325.831044743843
-267.960182747327
-334.174375813457
-267.045750327424
-114.556808197628
-89.6872409594043
22.6601255945031
51.6051953918624
-54.0384146089230
-216.976374073746
-153.764222549886
110.956205870664
286.729547558193
240.722561910759
113.683980898283
-9.99800794009164
-20.0369327014031
-12.4941865893389
22.4189561389853
36.0979888844936
86.4564907726808
63.4152304650969
-198.375241498376
-169.272297503482
37.3843296532838
33.8094637167612
-84.0591663519643
-3.90285842641981
28.7924447020172
-21.8921296379361
2.53221129891011
121.725283412118
208.612130564157
195.431576623897
74.0158204085724
-3.27032558529612
-0.732822292475646
-57.2406887438351
-35.5433936831511
58.0533172940362
4.97905895399703
-63.6208653005575
28.0503752192614
44.6063430152520
-65.2827067636092
-13.3610307843060
81.7775531044860
82.9156695462224
1.44522670452795
9.54488463491342
133.415176754205
99.7183839669906
-81.1431100636710
-92.8663502717684
-16.0456140131622
-15.5156974650898
8.49073833081806
124.637596766487
74.7931590983343
10.7046915959054
7.17622331029079
26.5736036330585
136.811467269365
203.515878094091
34.8002442603274
-63.7058036357423
20.3576059203470
70.2682929752525
50.0269892677944
5.84296379825989
-38.8942940005404
-0.924300047312840
17.5236355993213
35.0218225350479
57.0955187772990
-18.3430990943002
-29.4432552397588
34.5382312744265
8.74658177161982
1.74819027535983
79.8949034403110
40.5075262250236
-23.5806452930919
9.91206249683597
102.621583647893
151.390847195854
117.268497096878
49.4938494021589
18.7431649644740
39.2630749167199
0.909459950210533
6.40663803348960
75.9263546357725
-21.1775388721259
-107.244130033655
-44.0698245886145
7.90099064641481
-82.6093154095363
-42.9241162457039
80.4313143854961
50.1739404643540
-97.2487573049980
-146.928538066446
-83.2660110709643
-24.2373814424311
-45.6558531077533
-66.2799380619321
-33.6113274781903
-25.5777813278617
-37.9583859629820
-63.7914145554593
-105.740526155208
-45.4492807047729
-10.2712001121406
-83.4877129073705
-114.986362875405
-122.325857680044
-68.5711404612120
-12.8504328744475
103.325055666193
232.999556446517
148.411885786099
55.8255955125543
39.6829528881603
65.8928575992538
44.8469123329623
-67.7180376253978
-47.8972591140634
-37.3097461401952
-76.4164913978435
55.4530891229809
201.007362383302
121.071661667544
16.3791758966371
46.3977861568318
122.982390341030
99.2020089168766
-6.92761799892770
-38.0282973481290
19.0365536584026
123.029344438098
259.843569291203
268.496087775235
11.8726613041774
-126.214589473259
-115.203512038905
0.827572418692171
57.9343885830916
-6.38344388001300
-55.8673305285303
-7.29931940468930
78.2401829519019
-57.1797979451487
-153.326207056024
-86.9793607966601
-88.2616892894696
-125.016075598098
-88.6350222549781
-61.9231661055185
-82.8481151246116
-45.6172203312688
98.1325005199031
124.697732869583
14.2472481232952
-35.0963659218213
63.3871175999370
141.939199866792
62.8295354946612
-60.1796980198194
-89.6994775487944
10.6783855347317
-9.17669873379322
-48.0960340628874
-46.2277790629931
4.00865661316675
111.822315568706
59.1125104814135
-79.5638864772209
-68.4512354887911
-73.4313017226334
-82.1605295911101
-64.3473107127747
-67.8147378843691
-31.2321714730976
40.7186266661959
51.3773236818279
-135.406956409085
-144.511131282793
-25.5051853917562
67.6262122893251
39.4631857437420
45.4209084586642
136.527058702361
96.7798446905798
-5.55837656937348
-21.0024220451974
33.6848333208140
74.6161437290011
73.0923701819934
-50.9283703335836
-98.2109700671396
-39.2239208796758
-20.5304326156126
-3.72191438107350
82.6120274190358
103.472201818444
0.699899441079111
-20.9038805104024
2.90891998415455
57.0482300368445
76.9608632891170
-35.2117527820375
-35.7154767878508
-0.284981898456294
-119.154733757961
-92.8948464159952
18.4161878351793
41.8748281368426
-7.31449406540236
12.2915246901404
17.0500300460248
-15.8442311857429
-97.8079764872566
-121.217453446368
-108.381142262964
-80.3451122757595
-45.9995936263415
34.0850890648553
178.141314463308
117.488800604307
1.18901735411342
-11.7086023507964
5.24972006920643
-18.2862777655930
-5.75164526969456
7.08582093240511
-7.05187988964180
-27.0914863964280
36.3820391123712
52.7122891403035
27.1858064146203
88.3577551138008
37.0822799613944
-103.470638805222
-51.2899829116026
3.69259202080650
-112.065133212975
-212.610073581749
-168.675726893656
-71.3257407901453
-20.4482488276583
-57.8553329956790
-13.2620011830110
50.7520431984654
35.3622437301873
-10.3713276665754
25.3025698964505
51.5836689134464
-96.7959682926503
-96.7321096221283
37.7525897743416
4.71603306257248
-72.8027559922413
-64.2635177867777
31.4798137643009
160.841665825963
139.881860584004
22.2622201823988
25.5822542186198
136.721890506580
54.2591208648580
29.5083310485545
6.10091438957218
-2.55414722754847
65.4333943714598
3.57336039954970
27.8713785184060
28.4069020759019
-6.91902148951964
-6.43147112510145
-61.5233147290995
-89.6292662796816
47.4308830477907
109.773626974286
33.8521090758999
-16.8086334279559
14.2754852179589
-36.9879340271503
-69.3386721125128
-62.5979155568232
-48.4577143578032
6.66460965499752
41.8537481742452
-3.25002321532708
-76.9024354599527
-98.5547583835648
3.01760709204244
113.046855927469
60.3717380462902
-88.0095362948700
-97.3660798601282
-6.46272927041848
29.8301793139099
13.0071959126223
77.8913673451174
19.9426333097616
-73.4409079757142
-10.4877264164791
-27.4718421473780
-119.106398436348
28.1023413410692
5.35536677338402
-38.4490513336446
122.517946048606
95.8265300561809
15.3399898347978
82.0196950317949
127.606486312478
102.779035762935
41.4949680599861
-102.418576889738
-132.157866932425
-62.6648376816753
51.4666795491239
43.3140489182587
-36.2738484250254
-48.2425263466404
71.4206459991052
132.662089952252
67.3856222428503
9.19276613582717
-25.1293962284970
6.35132980791142
15.0735311175683
-3.96268648003140
-11.7564782734987
55.0268957021460
72.7771915451825
49.2900380694099
59.8970638266753
12.8410294568731
51.1816255519224
26.6893058674999
-144.696305714396
-71.8852895996350
-35.3740788157544
-148.895817063052
-95.1228445994727
75.5266541381499
145.047759541139
123.641269789342
50.8390858101321
-14.4382180325807
-60.7859733410996
-57.9989880276187
-66.3459659793257
-90.1485839593575
-2.26131770484867
-35.2173969235704
-72.8247141678969
59.6285174560605
105.212949054891
36.9454809446545
67.2153152863599
20.0117499926408
0
-20.0117499947874
-67.2153152853826
-36.9454809448184
-105.212949060249
-59.6285174629168
72.8247141710698
35.2173969187094
2.26131770433269
90.1485839777097
66.3459659868299
57.9989880214445
60.7859733338162
14.4382180332729
-50.8390858148770
-123.641269788674
-145.047759540584
-75.5266541441251
95.1228445963481
148.895817066962
35.3740788185576
71.8852895862814
144.696305694647
-26.6893058741554
-51.1816255490843
-12.8410294574087
-59.8970638326259
-49.2900380683700
-72.7771915442401
-55.0268957017748
11.7564782729039
3.96268648015562
-15.0735311172181
-6.35132980698673
25.1293962266587
-9.19276613552693
-67.3856222451336
-132.662089976155
-71.4206460116950
48.2425263481527
36.2738484200328
-43.3140489073184
-51.4666795505190
62.6648376864015
132.157866923524
102.418576887103
-41.4949680631747
-102.779035740309
-127.606486312840
-82.0196950573037
-15.3399898340343
-95.8265300440491
-122.517946076002
38.4490513352858
-5.35536677220097
-28.1023413413272
119.106398463666
27.4718421494010
10.4877264155803
73.4409079588196
-19.9426333122965
-77.8913673531291
-13.0071959117933
-29.8301793137086
6.46272927051469
97.3660798487899
88.0095362952766
-60.3717380474342
-113.046855923030
-3.01760709245491
98.5547583852987
76.9024354513529
3.25002321530572
-41.8537481802223
-6.66460965556783
48.4577143566645
62.5979155520067
69.3386721097576
36.9879340255728
-14.2754852170824
16.8086334290996
-33.8521090792409
-109.773626962232
-47.4308830464378
89.6292662882021
61.5233147305811
6.43147112502611
6.91902148943657
-28.4069020767950
-27.8713785175015
-3.57336039915862
-65.4333943739106
2.55414722790431
-6.10091438953003
-29.5083310426203
-54.2591208664917
-136.721890521141
-25.5822542199812
-22.2622201827408
-139.881860570313
-160.841665819122
-31.4798137676611
64.2635177877449
72.8027559890933
-4.71603306250785
-37.7525897761004
96.7321096203144
96.7959682958507
-51.5836689173205
-25.3025698965439
10.3713276661906
-35.3622437276359
-50.7520431926338
13.2620011822298
57.8553330036786
20.4482488301165
71.3257407885045
168.675726865050
212.610073540520
112.065133223682
-3.69259202102762
51.2899829113299
103.470638819004
-37.0822799654954
-88.3577551019773
-27.1858064118997
-52.7122891501344
-36.3820391135143
27.0914863933999
7.05187988884468
-7.08582093306708
5.75164526975527
18.2862777636232
-5.24972006921337
11.7086023510307
-1.18901735404788
-117.488800594673
-178.141314511768
-34.0850890699370
45.9995936246022
80.3451122715055
108.381142267530
121.217453440133
97.8079764768732
15.8442311878870
-17.0500300462370
-12.2915246884388
7.31449406587694
-41.8748281414616
-18.4161878346896
92.8948463944441
119.154733759206
0.284981898508818
35.7154767860385
35.2117527822425
-76.9608632921970
-57.0482300339944
-2.90891998413483
20.9038805105455
-0.699899441118561
-103.472201821975
-82.6120274167198
3.72191438096218
20.5304326145528
39.2239208775936
98.2109700619693
50.9283703376939
-73.0923701901485
-74.6161437244580
-33.6848333186945
21.0024220461280
5.55837656894977
-96.7798446876582
-136.527058719178
-45.4209084611242
-39.4631857423849
-67.6262122917799
25.5051853927006
144.511131261531
135.406956413793
-51.3773236897443
-40.7186266672485
31.2321714719577
67.8147378782805
64.3473107094969
82.1605295917213
73.4313017258156
68.4512354866965
79.5638864722558
-59.1125104887144
-111.822315576391
-4.00865661336812
46.2277790627240
48.0960340586746
9.17669873291945
-10.6783855348229
89.6994775452839
60.1796980141709
-62.8295354979587
-141.939199884597
-63.3871176032752
35.0963659210225
-14.2472481235142
-124.697732867989
-98.1325005124039
45.6172203320278
82.8481151292718
61.9231661002725
88.6350222469789
125.016075615339
88.2616892987332
86.9793607946473
153.326207036199
57.1797979494895
-78.2401829539719
7.29931940484607
55.8673305293207
6.38344388009256
-57.9343885830374
-0.827572418694473
115.203512032322
126.214589439895
-11.8726613058292
-268.496087806850
-259.843569293603
-123.029344447243
-19.0365536589037
38.0282973468233
6.92761799832434
-99.2020089184643
-122.982390348689
-46.3977861540718
-16.3791758959190
-121.071661681679
-201.007362387803
-55.4530891252472
76.4164913956229
37.3097461390918
47.8972591121612
67.7180376250836
-44.8469123365165
-65.8928575993649
-39.6829528860953
-55.8255955085274
-148.411885785874
-232.999556451826
-103.325055673985
12.8504328743624
68.5711404583726
122.325857680330
114.986362878227
83.4877129084307
10.2712001121369
45.4492807058978
105.740526155659
63.7914145547082
37.9583859642024
25.5777813281510
33.6113274767824
66.2799380616576
45.6558531095985
24.2373814424651
83.2660110680491
146.928538056226
97.2487573066242
-50.1739404682527
-80.4313143863291
42.9241162452127
82.6093154101579
-7.90099064649377
44.0698245882991
107.244130024730
21.1775388722955
-75.9263546429386
-6.40663803364282
-0.909459950192712
-39.2630749138802
-18.7431649629804
-49.4938494055473
-117.268497102813
-151.390847202107
-102.621583650575
-9.91206249642892
23.5806452901747
-40.5075262256888
-79.8949034446090
-1.74819027536927
-8.74658177176099
-34.5382312750408
29.4432552394233
18.3430990942015
-57.0955187777194
-35.0218225345390
-17.5236355982421
0.924300047322049
38.8942940021179
-5.84296379824681
-50.0269892697967
-70.2682929776629
-20.3576059195727
63.7058036277122
-34.8002442652868
-203.515878105112
-136.811467267638
-26.5736036319162
-7.17622331028193
-10.7046915959274
-74.7931590983300
-124.637596767815
-8.49073833094977
15.5156974650975
16.0456140126996
92.8663502676012
81.1431100652357
-99.7183839727590
-133.415176758341
-9.54488463478793
-1.44522670447168
-82.9156695484801
-81.7775531062396
13.3610307841600
65.2827067620868
-44.6063430160668
-28.0503752189185
63.6208652969229
-4.97905895438149
-58.0533172970525
35.5433936831847
57.2406887417901
0.732822292450038
3.27032558525912
-74.0158204109765
-195.431576626999
-208.612130563365
-121.725283410279
-2.53221129894584
21.8921296387750
-28.7924447020287
3.90285842633872
84.0591663529353
-33.8094637173325
-37.3843296520561
169.272297492233
198.375241509026
-63.4152304661333
-86.4564907717535
-36.0979888847054
-22.4189561393115
12.4941865895760
20.0369327007213
9.99800793865828
-113.683980910747
-240.722561921705
-286.729547554767
-110.956205873802
153.764222545460
216.976374072157
54.0384146106071
-51.6051953915290
-22.6601255948383
89.6872409589691
114.556808197325
267.045750329811
334.174375811637
267.960182747663
325.831044681038
439.194212972818
-404.430324620662
-390.479563427505
-212.998482239280
-39.7380498469521
-46.6624937513669
-80.7626903962611
201.673485787128
-430.127643314462
-358.886830363437
-35.1563894676100
97.3283596421365
-29.9640472415554
-27.1040280537740
39.0294510163333
75.0410905502026
114.099408288803
82.3761633503812
113.383047722036
109.790706161980
84.6784704250576
-75.5805292671383
211.564473029458
405.421358168752
417.838933751098
-434.614611991557
-369.835056947080
-277.759522055558
70.7377736524694
165.012614987634
-119.903911903776
-271.708824908514
-0.997810591367767
220.955458505887
262.045452950240
258.605259635213
-281.624932434303
-214.192242502935
-106.876624589821
410.244407647766
140.914403284158
145.929660657613
222.167382606415
177.823259397306
31.8740657269914
198.491857051209
414.556128112870
330.356468313683
-223.698374322444
186.270371383295
-192.934510138676
-277.676026398933
-114.374558087709
-90.2196016522449
-101.036891957329
-71.4936983392003
-172.707771738175
-122.205671626240
53.9689722435869
32.0036902674427
-130.860002979798
148.433674331461
361.370448732708
-208.347314095458
-140.519308790143
223.343440248760
-401.357910331015
-415.499260585115
-341.188372437927
-260.416423009061
342.806627573189
335.610176504588
10.2853160052824
93.6959671854495
121.720225900504
88.1192764239185
143.235337250201
166.755965750163
59.6110433304569
-17.0445314805097
-289.539133978090
-303.189781697405
-192.102424871336
11.5935839132188
381.171003900963
-351.692036612209
-337.815719607437
-323.114926599267
-172.393787908820
-57.8882915063483
64.2990010567686
-391.165675322376
-236.216761276636
-46.3931846815688
225.975414868582
293.220828292143
133.903662521237
-88.7123079001800
-13.5943660569037
13.1358115722595
170.515412692372
261.791022425825
-33.1217864435911
-14.3134000547834
82.4384508030359
-14.9786084263961
-252.955064985151
-119.036979337550
39.9765327728684
-101.192291978502
-374.046408619654
381.760481478548
428.685145438066
-235.912806702225
-26.2074890909589
-53.0656840151255
-325.132442502659
-105.797402774311
41.5566888219437
-52.7663474949832
-17.4532157241332
12.4001182437434
7.14998041710165
222.263267537644
362.336833950477
298.861628039876
19.9356584142322
7.93883178926481
330.487989352378
369.886003845109
175.460431216109
-232.667708364062
-170.664131700581
280.406442624419
245.625552098614
-331.648086323300
-439.550917416894
172.405258463202
152.122363423911
-48.6389045681607
42.8583860273855
255.977192226475
77.0981332472120
-220.514020436459
-160.508369069326
-44.9679374249502