0
286.286584181427
268.862032014487
322.045486177531
283.794764806780
280.147335616304
186.861570254496
40.5901124858416
-127.894895712572
-297.073881141194
85.4724190849506
-236.697293220860
-248.434425160988
129.454866338304
-57.6263336601784
229.716186660739
133.804393961141
260.399741850374
-208.955501255163
-5.25507449463282
161.769918867501
276.777809608178
130.679404902381
-266.773532687923
-85.2335180893116
-149.905979167137
-134.283606906578
191.264642589918
186.484589386196
-225.412759264152
-146.740404143053
-146.142713908429
-272.437271894787
-310.390158874665
-286.787383094240
-259.677322103096
53.0600800760563
276.992010551876
-276.905120260874
-248.470971370860
-9.67740642984050
182.763950332089
-62.1714144806039
205.803159064324
269.357007288027
204.617210624304
-272.135682339561
-263.290420422135
248.365155461036
-154.883937230580
208.527625885225
-140.423395284132
109.950151656109
272.544497715204
-232.597085397802
121.448692025848
-22.6244143742647
282.701753083322
263.964315920356
118.852368843119
80.6169784565939
-284.074363454786
49.9944273673438
193.905851381480
112.760018230977
-199.559495437388
167.802676924498
246.657707779080
257.175308110065
247.131264404680
281.818687322653
268.905905754437
267.867305893269
164.907102197449
-124.113937894617
-212.569685361821
118.256137246821
-20.8896515134632
-1.80282359746143
245.425469241652
-315.578740357115
-18.5062178122929
196.137679609308
259.661811083461
-272.567877329913
-271.146238389919
19.5501395486856
69.9514386027295
-42.8573061174995
-128.973001827363
286.530391966142
259.297173848685
256.456000824128
54.6624640442595
-70.8181591096790
-93.6075123264290
17.5252979819309
-72.1298129172484
132.243047571088
218.239031297813
-37.2902948486406
273.060803327250
285.655558589137
-266.355576786394
272.077181552405
278.421765591501
163.190447542748
278.201039998032
23.2988009529205
-31.8680226224088
-184.876726381087
146.803025162121
-230.532288711401
-90.4211826426039
145.717210795140
-114.174116643973
-48.8407224563553
76.8225772400429
-109.353627589942
-75.5808617734926
228.533837555266
-84.2916414767052
-321.068901687440
-177.818951445544
112.524738546743
326.687998860079
270.047191073788
69.5086948988393
221.140749343363
12.3781058992280
-272.871546690524
94.1155401822832
240.253670794611
-119.892069209376
98.0204709890407
215.950204434407
-228.448263515042
-275.707620665466
-235.312075724465
-78.7199635435212
193.687797178067
-244.701816222281
278.702635419072
74.8187002593370
261.812294468348
292.415362991802
69.9283353637704
282.569087216500
276.274116628849
-150.445468062335
-44.8708469968824
-269.132803753985
-201.719687336247
221.176663549294
156.916956067828
-90.9961923895295
54.3727425689993
-93.6831682760396
-190.125733735379
-239.687420169722
-154.016176159300
54.7092563999782
162.602135757468
-272.170833623135
-184.774166000473
-265.852105487006
-57.0445097217077
257.515984481205
263.680968694414
-238.233210786502
106.116825536613
72.0630025946418
75.5037841604945
-15.8011580516650
-206.585412602186
247.931460291265
252.430492700847
238.677094792946
127.891364459132
-198.867311120375
-279.568442353069
-149.396065127757
-162.253337421342
9.26648112376577
260.773358495838
-228.662736288608
-12.5254480176136
30.7351916646672
-142.220342797102
-43.9902038219597
-57.7918711426450
-72.9154191462480
94.7902415923766
193.638706798637
182.013528673252
149.888916353105
-271.829191805155
19.8002445412513
-5.07281876604365
-144.931395059511
-92.9148050152234
265.445820073018
59.7256598400465
-279.686450170132
218.204460801045
-251.315277894145
-250.883318390095
242.731532474153
159.883022916900
-162.127932768229
-230.402952528607
231.507663815505
141.607887574685
-85.9553261718239
-277.702392667231
-251.938722701853
126.033854441530
271.446808288245
257.649434398590
229.112859652058
-252.295418472476
-272.572984824291
-217.345981419830
-123.451517762323
280.955702416657
150.045879352949
225.775878497953
-242.657251725620
217.624063063274
274.146603058802
30.6870176704999
-35.4859124203317
-232.444217510085
-210.698156561190
154.570583317284
-95.4671250642047
-70.2737409484362
-204.438683027277
274.900519326538
-105.616203257114
232.728621307532
-142.558912857351
200.370133617707
-81.5318719474824
-157.225730158181
-210.102438106698
272.937062908150
-261.301469926633
-260.234096734848
-268.868448484177
-84.1453275426434
158.695505471948
262.873948945917
275.755522671636
234.294342703325
264.296503779406
270.009441335407
104.677746527730
4.86875969898641
231.713227393397
45.4890215593461
3.18864359949561
229.549578390721
-262.077767469033
78.6317367672006
28.5734845661905
170.166023533391
-252.682096215916
218.327035266522
-99.8193590887412
42.6899776790376
-270.757538691204
-147.910883642078
-131.384773260980
-3.75628546224459
268.350264628033
-184.542305138052
-211.732069166389
-267.633293206691
-69.0100498953783
94.6372718837033
70.5506593416434
-32.7132953472648
-281.016932438629
77.1941116468777
-263.515213491232
-54.6824498933592
247.464140785563
150.875832831074
156.347492353739
246.667747402720
281.369577039378
-207.312181630039
213.321237328754
-40.2449459707201
124.673808715529
280.321846096101
170.133688655912
-244.741341652136
-121.481850455588
279.256636678165
171.474254223812
-240.996343990491
-197.153806467954
217.565969931955
262.278067852668
158.494275970520
279.186675601240
-67.0154237541771
282.771956480144
-275.555938910775
-151.124595874207
141.627948566172
161.888970471648
57.5428824270610
-5.13536763025222
-272.440614509295
-270.938281827989
-265.139120135510
182.454804698132
182.185119036731
43.5688117790188
-258.274462751212
80.9682128193884
266.966159993740
208.706982079081
184.498589278431
203.338673547433
-77.5578044527634
282.908589320456
29.6194677534297
241.165523621544
234.740301445913
-280.737821197366
4.60191877890938
281.545296700851
279.241378659737
275.550517893851
-21.1738480625820
273.179853357937
-113.686068158564
-225.876656086967
260.551857999282
261.471820320055
12.9108371446817
-230.679458135110
-243.068156566961
-158.844961869460
220.778439158537
238.120028016602
-57.1017661552160
-177.224696897237
188.017838969289
15.5638763508201
194.799434168025
105.170921105944
-210.061188836181
-146.769513194219
6.09387036114043
106.599231106254
242.262753744911
118.225200049079
109.972550728853
-260.705404591395
270.631707044568
-280.508866488963
215.385319909530
66.6691644773348
143.643820146993
-11.7872570011386
-167.663796724059
211.356935840208
-169.058528968444
-277.649685275676
146.862316405795
182.799278461169
-107.373781153914
24.9280946017508
-101.436440078590
277.808884035868
281.320409895446
257.978039276068
104.498030849061
37.4094223604173
-146.041650603203
-279.307299242589
-106.060319044089
18.3266472919743
169.135279845432
279.619020867955
279.386497743404
-261.106747229736
-278.390396767351
-100.737933781225
-40.3304509891041
206.972203557295
-92.8572737532941
-165.156700148670
-175.795860778647
-263.992727299662
48.0790247940457
213.201729634502
-137.509229992198
-163.443280457530
-160.025449147772
-178.281882602371
279.943083496279
-184.256235108084
-46.1863236440864
-173.820263811251
264.522527296993
161.608387834448
266.236019886581
-270.750141466629
-281.527835095613
26.5586375312970
40.1885839891958
263.691270105936
-256.440346984257
117.598599095425
-267.433663372137
-201.654852734628
-181.451035194193
-270.354579073721
-224.458293366747
-230.168458325946
-278.579731755981
38.3428314386285
-204.324811449495
-112.977114581438
115.463098980135
249.153359881963
-239.790789034381
-135.714601057063
-280.877026706904
-270.391414030036
280.105848109723
39.0836156344939
-128.744359966083
-208.808410211913
-261.460448397503
139.517709477091
-240.853860824766
-102.999595211910
277.645143062269
-272.193232586157
-51.6506099074484
112.934681904730
98.1217611422477
65.2220621394718
-22.2218600538424
277.819418235303
-79.5052271530290
249.382751743222
-133.869144752072
-146.644273074819
-127.834494568518
280.968722962959
-183.434235274428
-170.048432366967
-40.1539734265318
111.223314422754
-109.464117853815
211.800707487393
121.989034953534
-175.401268421955
144.316980202625
-280.996154548099
-132.616516491577
-270.647216400876
240.187290083788
244.087639302021
8.73918996734623
225.502026165538
-267.140224430133
-278.988769296001
-259.503199101615
-250.763687977513
-239.930536025963
210.750639540354
-244.013053884787
92.3423138434734
179.965831928831
-90.7764172484407
-11.6391124398111
-265.264692566781
-113.600405134853
-48.7401264954888
153.365776671892
260.014185457831
-253.938040853410
202.243219137481
219.173309017626
-246.217185016923
-255.451818083001
-234.272314179093
-77.6193307406593
-28.3875575624919
136.365971534746
14.3075570734861
-202.560422009655
259.020911223730
272.288316071571
85.6663803266573
-226.902486404238
268.888113238072
-256.652122169418
-142.055816954297
29.5092014634495
230.498736216949
-273.550429570311
-250.907088265510
0
0
-273.550429570311
230.498736216949
29.5092014634495
-142.055816954297
-256.652122169418
268.888113238072
-226.902486404238
85.6663803266573
272.288316071571
259.020911223730
-202.560422009655
14.3075570734861
136.365971534746
-28.3875575624919
-77.6193307406593
-234.272314179093
-255.451818083001
-246.217185016923
219.173309017626
202.243219137481
-253.938040853410
260.014185457831
153.365776671892
-48.7401264954888
-113.600405134853
-265.264692566781
-11.6391124398111
-90.7764172484407
179.965831928831
92.3423138434734
-244.013053884787
210.750639540354
-239.930536025963
-250.763687977513
-259.503199101615
-278.988769296001
-267.140224430133
225.502026165538
8.73918996734623
244.087639302021
240.187290083788
-270.647216400876
-132.616516491577
-280.996154548099
144.316980202625
-175.401268421955
121.989034953534
211.800707487393
-109.464117853815
111.223314422754
-40.1539734265318
-170.048432366967
-183.434235274428
280.968722962959
-127.834494568518
-146.644273074819
-133.869144752072
249.382751743222
-79.5052271530290
277.819418235303
-22.2218600538424
65.2220621394718
98.1217611422477
112.934681904730
-51.6506099074484
-272.193232586157
277.645143062269
-102.999595211910
-240.853860824766
139.517709477091
-261.460448397503
-208.808410211913
-128.744359966083
39.0836156344939
280.105848109723
-270.391414030036
-280.877026706904
-135.714601057063
-239.790789034381
249.153359881963
115.463098980135
-112.977114581438
-204.324811449495
38.3428314386285
-278.579731755981
-230.168458325946
-224.458293366747
-270.354579073721
-181.451035194193
-201.654852734628
-267.433663372137
117.598599095425
-256.440346984257
263.691270105936
40.1885839891958
26.5586375312970
-281.527835095613
-270.750141466629
266.236019886581
161.608387834448
264.522527296993
-173.820263811251
-46.1863236440864
-184.256235108084
279.943083496279
-178.281882602371
-160.025449147772
-163.443280457530
-137.509229992198
213.201729634502
48.0790247940457
-263.992727299662
-175.795860778647
-165.156700148670
-92.8572737532941
206.972203557295
-40.3304509891041
-100.737933781225
-278.390396767351
-261.106747229736
279.386497743404
279.619020867955
169.135279845432
18.3266472919743
-106.060319044089
-279.307299242589
-146.041650603203
37.4094223604173
104.498030849061
257.978039276068
281.320409895446
277.808884035868
-101.436440078590
24.9280946017508
-107.373781153914
182.799278461169
146.862316405795
-277.649685275676
-169.058528968444
211.356935840208
-167.663796724059
-11.7872570011386
143.643820146993
66.6691644773348
215.385319909530
-280.508866488963
270.631707044568
-260.705404591395
109.972550728853
118.225200049079
242.262753744911
106.599231106254
6.09387036114043
-146.769513194219
-210.061188836181
105.170921105944
194.799434168025
15.5638763508201
188.017838969289
-177.224696897237
-57.1017661552160
238.120028016602
220.778439158537
-158.844961869460
-243.068156566961
-230.679458135110
12.9108371446817
261.471820320055
260.551857999282
-225.876656086967
-113.686068158564
273.179853357937
-21.1738480625820
275.550517893851
279.241378659737
281.545296700851
4.60191877890938
-280.737821197366
234.740301445913
241.165523621544
29.6194677534297
282.908589320456
-77.5578044527634
203.338673547433
184.498589278431
208.706982079081
266.966159993740
80.9682128193884
-258.274462751212
43.5688117790188
182.185119036731
182.454804698132
-265.139120135510
-270.938281827989
-272.440614509295
-5.13536763025222
57.5428824270610
161.888970471648
141.627948566172
-151.124595874207
-275.555938910775
282.771956480144
-67.0154237541771
279.186675601240
158.494275970520
262.278067852668
217.565969931955
-197.153806467954
-240.996343990491
171.474254223812
279.256636678165
-121.481850455588
-244.741341652136
170.133688655912
280.321846096101
124.673808715529
-40.2449459707201
213.321237328754
-207.312181630039
281.369577039378
246.667747402720
156.347492353739
150.875832831074
247.464140785563
-54.6824498933592
-263.515213491232
77.1941116468777
-281.016932438629
-32.7132953472648
70.5506593416434
94.6372718837033
-69.0100498953783
-267.633293206691
-211.732069166389
-184.542305138052
268.350264628033
-3.75628546224459
-131.384773260980
-147.910883642078
-270.757538691204
42.6899776790376
-99.8193590887412
218.327035266522
-252.682096215916
170.166023533391
28.5734845661905
78.6317367672006
-262.077767469033
229.549578390721
3.18864359949561
45.4890215593461
231.713227393397
4.86875969898641
104.677746527730
270.009441335407
264.296503779406
234.294342703325
275.755522671636
262.873948945917
158.695505471948
-84.1453275426434
-268.868448484177
-260.234096734848
-261.301469926633
272.937062908150
-210.102438106698
-157.225730158181
-81.5318719474824
200.370133617707
-142.558912857351
232.728621307532
-105.616203257114
274.900519326538
-204.438683027277
-70.2737409484362
-95.4671250642047
154.570583317284
-210.698156561190
-232.444217510085
-35.4859124203317
30.6870176704999
274.146603058802
217.624063063274
-242.657251725620
225.775878497953
150.045879352949
280.955702416657
-123.451517762323
-217.345981419830
-272.572984824291
-252.295418472476
229.112859652058
257.649434398590
271.446808288245
126.033854441530
-251.938722701853
-277.702392667231
-85.9553261718239
141.607887574685
231.507663815505
-230.402952528607
-162.127932768229
159.883022916900
242.731532474153
-250.883318390095
-251.315277894145
218.204460801045
-279.686450170132
59.7256598400465
265.445820073018
-92.9148050152234
-144.931395059511
-5.07281876604365
19.8002445412513
-271.829191805155
149.888916353105
182.013528673252
193.638706798637
94.7902415923766
-72.9154191462480
-57.7918711426450
-43.9902038219597
-142.220342797102
30.7351916646672
-12.5254480176136
-228.662736288608
260.773358495838
9.26648112376577
-162.253337421342
-149.396065127757
-279.568442353069
-198.867311120375
127.891364459132
238.677094792946
252.430492700847
247.931460291265
-206.585412602186
-15.8011580516650
75.5037841604945
72.0630025946418
106.116825536613
-238.233210786502
263.680968694414
257.515984481205
-57.0445097217077
-265.852105487006
-184.774166000473
-272.170833623135
162.602135757468
54.7092563999782
-154.016176159300
-239.687420169722
-190.125733735379
-93.6831682760396
54.3727425689993
-90.9961923895295
156.916956067828
221.176663549294
-201.719687336247
-269.132803753985
-44.8708469968824
-150.445468062335
276.274116628849
282.569087216500
69.9283353637704
292.415362991802
261.812294468348
74.8187002593370
278.702635419072
-244.701816222281
193.687797178067
-78.7199635435212
-235.312075724465
-275.707620665466
-228.448263515042
215.950204434407
98.0204709890407
-119.892069209376
240.253670794611
94.1155401822832
-272.871546690524
12.3781058992280
221.140749343363
69.5086948988393
270.047191073788
326.687998860079
112.524738546743
-177.818951445544
-321.068901687440
-84.2916414767052
228.533837555266
-75.5808617734926
-109.353627589942
76.8225772400429
-48.8407224563553
-114.174116643973
145.717210795140
-90.4211826426039
-230.532288711401
146.803025162121
-184.876726381087
-31.8680226224088
23.2988009529205
278.201039998032
163.190447542748
278.421765591501
272.077181552405
-266.355576786394
285.655558589137
273.060803327250
-37.2902948486406
218.239031297813
132.243047571088
-72.1298129172484
17.5252979819309
-93.6075123264290
-70.8181591096790
54.6624640442595
256.456000824128
259.297173848685
286.530391966142
-128.973001827363
-42.8573061174995
69.9514386027295
19.5501395486856
-271.146238389919
-272.567877329913
259.661811083461
196.137679609308
-18.5062178122929
-315.578740357115
245.425469241652
-1.80282359746143
-20.8896515134632
118.256137246821
-212.569685361821
-124.113937894617
164.907102197449
267.867305893269
268.905905754437
281.818687322653
247.131264404680
257.175308110065
246.657707779080
167.802676924498
-199.559495437388
112.760018230977
193.905851381480
49.9944273673438
-284.074363454786
80.6169784565939
118.852368843119
263.964315920356
282.701753083322
-22.6244143742647
121.448692025848
-232.597085397802
272.544497715204
109.950151656109
-140.423395284132
208.527625885225
-154.883937230580
248.365155461036
-263.290420422135
-272.135682339561
204.617210624304
269.357007288027
205.803159064324
-62.1714144806039
182.763950332089
-9.67740642984050
-248.470971370860
-276.905120260874
276.992010551876
53.0600800760563
-259.677322103096
-286.787383094240
-310.390158874665
-272.437271894787
-146.142713908429
-146.740404143053
-225.412759264152
186.484589386196
191.264642589918
-134.283606906578
-149.905979167137
-85.2335180893116
-266.773532687923
130.679404902381
276.777809608178
161.769918867501
-5.25507449463282
-208.955501255163
260.399741850374
133.804393961141
229.716186660739
-57.6263336601784
129.454866338304
-248.434425160988
-236.697293220860
85.4724190849506
-297.073881141194
-127.894895712572
40.5901124858416
186.861570254496
280.147335616304
283.794764806780
322.045486177531
268.862032014487
286.286584181427