0
437.246667345901
409.199006548226
380.237202667345
432.738536937872
357.326797989154
437.458480599541
436.853545783636
412.390046009392
404.330545909276
1.32457501861774
288.472373615109
364.520029157692
338.495185247195
405.068534512062
372.924256365230
403.014144389965
237.468119250744
289.800711515672
439.481215128557
439.100595563795
322.317375867614
248.834849375075
379.217356411643
439.494756829301
439.377970052917
439.206271311415
436.374238551512
437.584054912897
426.630604932879
295.796650305145
436.337938619906
438.770932281673
370.879914705383
97.1380954005667
217.866239418451
230.859367784049
427.746284077710
437.731242118797
423.127594289348
359.472528292294
439.297626657797
431.753014266393
439.319803877046
438.303217831720
353.089541150919
405.131160894987
439.356590882838
439.342641579538
430.507711806583
418.660450317686
327.457339746234
377.017075705651
437.097741830246
370.686397362864
200.489844995035
434.824564556448
435.724350023283
404.335436719931
297.999173996603
281.224648761480
263.665460103615
218.895932450440
439.399991245388
395.352275641232
318.249461534748
330.717180282265
439.222321190187
435.492005669188
406.693018597592
415.560346586555
430.629488790838
422.363528375269
429.450613257920
439.432561112290
283.853083329001
275.118846270820
354.104575110617
277.123182011919
143.412440013647
-179.216604429541
378.582185494020
416.486599241335
387.037672816747
250.236212915688
413.732048330634
419.621761963571
438.386276356601
436.227135246238
422.223326350215
404.201421398722
433.699682473087
427.783017374254
430.194359518513
424.411620890242
340.738591664075
394.946880231974
398.133284471591
378.372568774404
-289.950628976431
146.116323413286
392.183306856424
438.395720122965
401.977178323011
379.273539271815
414.621873075981
416.353088656661
157.817266088729
426.361525700045
383.833879096887
337.482089776935
355.429434849150
352.900756683092
379.980853262666
439.551780616331
345.515669611095
422.882744261656
407.403485967026
433.823617220126
340.670532026764
237.547456605375
65.7031393727948
-136.445552105409
169.824279148492
385.288511668235
433.006174356476
431.319278626495
425.620446321387
424.677581192204
431.764902663458
424.485675267967
433.099986395174
437.816703011841
438.716463252511
438.530408699730
428.641988024332
438.144715547383
253.785355119466
-90.5371411789085
390.556741783423
432.069613973904
437.069073674557
437.752956442075
384.497607310942
201.822877801278
-172.171066012212
-17.7540608466251
295.026937328340
348.430917011879
285.542028464308
349.132253878717
424.362464366208
430.305661452827
438.968429584165
436.513078010971
436.218538350391
382.266944098804
411.780678676871
425.318097235245
333.156014531802
367.776306511423
424.597121856482
439.439191805116
439.095985859786
439.375305137184
438.980812636424
438.068143846964
430.966400850982
434.954333232716
392.242306479767
405.652132689679
437.960244048317
438.250708644194
431.440401459692
439.535585776191
438.608890237580
439.007400976866
439.545619194436
422.362070777153
386.895001823333
393.717236486488
433.276380345098
439.540747156226
439.552302263407
435.809897798932
438.113490584921
435.702393610698
439.524711920754
434.924302537325
438.656972922982
437.283703789246
434.677963144517
439.349799483798
431.878681171029
431.661621151292
439.550537215094
439.449267411719
418.816372711301
428.092288316504
431.998332287048
429.630776846980
439.259947763307
439.278984894636
439.470898688973
421.511841945222
433.142871094391
439.422544943749
439.494329026530
438.748911148561
417.719266819926
389.599859845498
438.173146566949
434.911869238815
439.081235442336
433.899908303127
436.696764073708
439.514076205261
437.828730540875
439.551941252000
439.203467208725
438.155492222480
435.828940240441
439.170005958113
438.565682814926
438.193877177209
439.465881174223
439.549436625294
432.230919521410
437.682423337793
438.919943264248
439.441138789331
427.405631693011
412.659150877163
423.621131421009
436.757509658017
439.153113582527
437.795813568554
439.551972262928
439.506221136277
432.945668720251
439.042452658201
426.269234163455
437.338100311953
439.481896972653
431.720354424638
437.452035846121
432.131423392941
436.679904604775
428.660054802785
414.268956246342
431.594178391736
438.884167818322
437.175372684863
434.527022424673
438.265949040179
438.808090765095
437.910863465639
434.899320348630
426.644705272967
437.196896469874
439.432891176650
431.551347105071
424.246272509144
422.188521785178
434.171351077159
439.365030217259
427.236112992927
372.717010693968
413.739864556127
435.993424582362
437.757954426388
434.585888784084
437.259096916710
434.305227650066
436.935482615820
437.966604039332
432.859426678530
436.040959444116
390.899991897260
422.549897755883
439.247636267217
437.097253288243
421.997742925621
428.212242689281
439.498317977048
437.904797884045
439.140493491207
421.984056306980
354.525151244025
348.018123336242
439.392538831597
421.042326581992
424.187357432376
439.552134011859
435.718223179100
439.506558574798
435.988078690437
439.492301762489
432.533509839053
435.817890912765
411.943973875676
430.861177395943
430.600322288334
421.399743877235
430.523630202209
435.169260018260
431.674591751623
437.179405446379
428.458604428067
421.494055460883
439.321954023067
438.149527528685
434.958430975358
416.004839932023
435.039323228299
435.413788559721
430.303110683950
439.423184886599
439.457110046771
436.913646973389
437.115266090441
439.534633514996
425.091205626858
435.559955020312
432.291974602199
434.190271319744
433.375826805355
431.805987344245
434.817417950053
434.290138857761
438.441917319274
437.662834645522
436.539956864518
418.176660600005
415.118412391905
438.812316230104
434.319535312960
437.777820734802
437.199844933886
417.812308973662
428.766165830697
439.517767307381
439.050864456570
438.260305458176
433.173399985144
433.433119105744
436.592561068704
428.440624432583
437.799323157370
439.073188298707
439.537155097360
431.719835419097
427.200499538834
439.552355783034
439.055567224241
439.543287422462
435.835132593268
432.762970757961
438.140269549865
438.099495631573
439.552820567609
423.094448914959
429.624616239099
439.166947077238
437.553724821765
439.492049402924
439.381021194712
439.222107635686
439.267257653397
428.532802810591
422.508097376947
425.981562223769
432.147458984415
437.139337939422
438.229357795350
401.836329002784
423.560084273060
439.551304759614
439.396941160731
439.521562280053
439.172375448427
439.515280603695
439.495795671656
439.496341628754
438.717237777440
438.044644501126
436.380771629093
438.711403136820
430.580620181236
437.985921959293
427.200878013409
436.550227265052
439.537402291623
425.027256926109
384.712515911140
405.900557414689
433.727336079116
439.077023351223
435.728727198023
439.352799705471
436.613093527901
438.128149147113
439.430539372813
438.824045975441
436.515622219895
428.762526172827
428.776937699679
437.928653187237
439.527612732703
433.481858973362
434.829809942832
438.424206240214
409.068113940408
416.701126019379
438.988789028688
438.807829908320
417.748594174655
436.191140522056
438.561308990441
439.510571193648
439.545492100019
434.655305017738
439.538387876179
438.668382258582
438.634028816938
439.498453316952
439.505858334175
435.225970119351
430.317740641740
436.986355197935
425.624851435178
438.247416434230
439.231411804929
439.321037305738
437.993899558525
434.049434833304
435.072711540399
436.873681156778
439.502384877861
437.555741641857
439.540897564295
432.773357250736
428.361673027481
439.542554610533
424.767196998784
435.387202980562
430.651929977497
428.633421246940
439.505399786864
438.539534952257
439.360417189765
432.596461141361
439.100278554308
433.374199017901
439.427776735197
438.693584672028
423.108058427445
438.653646585004
439.520287794853
437.868055207951
422.132818114943
428.980231968739
439.285155694639
431.832760230728
420.622571709466
427.367796017929
437.589911745672
427.454323119688
419.214815434436
435.063077450889
436.529430999127
437.413598892578
438.053616927751
436.897496013223
433.711718342809
419.055525106958
434.356928268695
439.456774078483
438.833996752937
439.507023751503
439.294379642922
439.535050286047
439.395662873743
436.094948475264
433.486151718897
436.780557599045
435.452758696008
439.365305022355
436.562944513380
438.741887870611
415.053902987684
433.634948411302
438.127193702704
413.565954794210
429.136817054561
433.015574547309
414.931212057388
421.805167932171
436.602966787134
439.315719152925
435.329563349527
435.709628892946
434.516945672793
430.209246774157
439.547096145890
438.139815921036
433.478170535630
435.489613178208
426.775114798889
437.997482522999
434.383315350960
439.097133997837
439.552912881806
439.097134044936
434.383315344644
437.997482524943
426.775114820623
435.489613228282
433.478170554516
438.139815860561
439.547096045599
430.209246861738
434.516945721940
435.709628846563
435.329563297366
439.315719173988
436.602966827884
421.805167929890
414.931212055801
433.015574581566
429.136817040465
413.565954805070
438.127193737423
433.634948330749
415.053902931035
438.741887980020
436.562944489172
439.365305040682
435.452758739269
436.780557589830
433.486151713284
436.094948472322
439.395662851511
439.535050299825
439.294379632717
439.507023687515
438.833996720836
439.456774064130
434.356928283413
419.055525182462
433.711718419262
436.897496026919
438.053616867458
437.413598782096
436.529431010959
435.063077483701
419.214815406202
427.454323108688
437.589911779298
427.367795923848
420.622571710660
431.832760365031
439.285155672777
428.980231914430
422.132818209333
437.868055226641
439.520287697760
438.653646589031
423.108058524489
438.693584704333
439.427776697540
433.374198918206
439.100278610121
432.596461185857
439.360417161763
438.539534949297
439.505399793405
428.633421197026
430.651929979487
435.387202988813
424.767196982106
439.542554670616
428.361673035017
432.773357202340
439.540897561409
437.555741704343
439.502384915473
436.873681146512
435.072711506923
434.049434816057
437.993899539846
439.321037278762
439.231411834815
438.247416477483
425.624851388443
436.986355185471
430.317740682647
435.225970129832
439.505858329027
439.498453311679
438.634028830728
438.668382244346
439.538387828070
434.655305034017
439.545492161259
439.510571190606
438.561308902246
436.191140535189
417.748594219146
438.807829931672
438.988789035432
416.701125978595
409.068113923010
438.424206287012
434.829809949376
433.481858954618
439.527612726677
437.928653207639
428.776937691639
428.762526187003
436.515622252679
438.824045977062
439.430539356508
438.128149115502
436.613093477732
439.352799679593
435.728727258271
439.077023404006
433.727336069138
405.900557345853
384.712515836539
425.027256966720
439.537402317942
436.550227262732
427.200878070311
437.985922007731
430.580620123618
438.711403092915
436.380771710478
438.044644514888
438.717237728403
439.496341579073
439.495795712714
439.515280608336
439.172375401119
439.521562280635
439.396941169520
439.551304735381
423.560084238329
401.836329112097
438.229357860684
437.139337922893
432.147458961534
425.981562241715
422.508097355217
428.532802765098
439.267257712841
439.222107641155
439.381021133888
439.492049431439
437.553724870029
439.166947065560
429.624616139429
423.094448919381
439.552820648585
438.099495609343
438.140269552416
432.762970775280
435.835132571493
439.543287419476
439.055567227249
439.552355807763
427.200499553414
431.719835406995
439.537155084208
439.073188276043
437.799323134129
428.440624410027
436.592561103940
433.433119154104
433.173399958770
438.260305430599
439.050864476024
439.517767273875
428.766165817753
417.812309025124
437.199844957565
437.777820719747
434.319535328726
438.812316246353
415.118412330827
418.176660614546
436.539956931782
437.662834656835
438.441917303271
434.290138818768
434.817417927904
431.805987347457
433.375826824136
434.190271306457
432.291974575223
435.559955074107
425.091205656071
439.534633537069
437.115266087897
436.913646935118
439.457110004928
439.423184890351
430.303110667110
435.413788518853
435.039323251131
416.004839984206
434.958430998265
438.149527518713
439.321954029823
421.494055455496
428.458604395325
437.179405453653
431.674591775905
435.169259981393
430.523630163354
421.399743935349
430.600322333529
430.861177385973
411.943973822411
435.817890945850
432.533509850497
439.492301771927
435.988078696605
439.506558580277
435.718223178693
439.552134013079
424.187357408140
421.042326470693
439.392538892728
348.018123377219
354.525151247299
421.984056338347
439.140493502766
437.904797869009
439.498317938766
428.212242696134
421.997742951901
437.097253262242
439.247636247961
422.549897805216
390.899991906014
436.040959461936
432.859426665952
437.966604026379
436.935482598468
434.305227648050
437.259096951363
434.585888784816
437.757954403609
435.993424550913
413.739864555499
372.717010702459
427.236113025146
439.365030214353
434.171351059181
422.188521786166
424.246272519558
431.551347110551
439.432891176489
437.196896480695
426.644705274788
434.899320343510
437.910863479719
438.808090770058
438.265949021823
434.527022422874
437.175372702532
438.884167818936
431.594178376626
414.268956217526
428.660054809953
436.679904638707
432.131423397416
437.452035841115
431.720354427888
439.481896977046
437.338100308823
426.269234127980
439.042452661716
432.945668761113
439.506221146793
439.551972254328
437.795813536890
439.153113547534
436.757509687918
423.621131442452
412.659150894206
427.405631704182
439.441138771282
438.919943209949
437.682423344981
432.230919544662
439.549436627650
439.465881181314
438.193877185003
438.565682809929
439.170005955752
435.828940243650
438.155492216112
439.203467181676
439.551941256384
437.828730558633
439.514076204278
436.696764091187
433.899908318011
439.081235425637
434.911869183995
438.173146629394
389.599859866597
417.719266814654
438.748911129701
439.494329025990
439.422544944654
433.142871094367
421.511841949711
439.470898695788
439.278984894855
439.259947750643
429.630776827701
431.998332295378
428.092288341268
418.816372724285
439.449267405937
439.550537197985
431.661621163045
431.878681180290
439.349799478997
434.677963134380
437.283703797233
438.656972917620
434.924302512478
439.524711954691
435.702393633337
438.113490585335
435.809897783362
439.552302248070
439.540747151241
433.276380359172
393.717236492737
386.895001821863
422.362070770769
439.545619200650
439.007400993689
438.608890237756
439.535585767063
431.440401464676
438.250708651601
437.960244033934
405.652132662722
392.242306500825
434.954333239826
430.966400846359
438.068143849534
438.980812642812
439.375305145520
439.095985844844
439.439191742115
424.597121903032
367.776306528147
333.156014527821
425.318097247275
411.780678665019
382.266944096004
436.218538363986
436.513078008151
438.968429590658
430.305661450739
424.362464365089
349.132253881838
285.542028462753
348.430917012315
295.026937271472
-17.7540608462411
-172.171066043377
201.822877803411
384.497607330810
437.752956449456
437.069073669528
432.069613913211
390.556741758847
-90.5371411968413
253.785355121489
438.144715554139
428.641988016685
438.530408681518
438.716463272142
437.816703016216
433.099986388861
424.485675244584
431.764902683147
424.677581203347
425.620446301862
431.319278586615
433.006174399616
385.288511665007
169.824279137350
-136.445552028701
65.7031394168609
237.547456606141
340.670532019773
433.823617224455
407.403485967934
422.882744264815
345.515669595179
439.551780639657
379.980853263797
352.900756654221
355.429434873537
337.482089783967
383.833879086074
426.361525668162
157.817266101953
416.353088663956
414.621873073354
379.273539254348
401.977178339002
438.395720128684
392.183306853227
146.116323342625
-289.950629105893
378.372568773724
398.133284382527
394.946880332504
340.738591662008
424.411620889165
430.194359526621
427.783017361774
433.699682470507
404.201421414158
422.223326348243
436.227135244343
438.386276362159
419.621761961942
413.732048325786
250.236212900625
387.037672843842
416.486599233876
378.582185461101
-179.216604450618
143.412440014202
277.123182009119
354.104575093406
275.118846278527
283.853083332891
439.432561116109
429.450613258557
422.363528373970
430.629488789599
415.560346583019
406.693018596968
435.492005665168
439.222321092940
330.717180359191
318.249461540520
395.352275639038
439.399991226260
218.895932435853
263.665460120959
281.224648770919
297.999174001859
404.335436719947
435.724350002163
434.824564571432
200.489844998247
370.686397363013
437.097741830851
377.017075706172
327.457339744234
418.660450318973
430.507711807349
439.342641578718
439.356590879022
405.131160889935
353.089541159297
438.303217832677
439.319803876223
431.753014264823
439.297626658653
359.472528292798
423.127594289956
437.731242117474
427.746284075755
230.859367782758
217.866239420510
97.1380954003908
370.879914707792
438.770932280840
436.337938620872
295.796650304561
426.630604933672
437.584054912361
436.374238550383
439.206271313564
439.377970053065
439.494756829067
379.217356412179
248.834849375093
322.317375867703
439.100595563980
439.481215128671
289.800711515693
237.468119250578
403.014144390026
372.924256365149
405.068534511922
338.495185247337
364.520029157576
288.472373615441
1.32457501861697
404.330545909578
412.390046009417
436.853545783642
437.458480599539
357.326797989159
432.738536937872
380.237202667359
409.199006548228
437.246667345901