0
337.881679101697
182.515681944426
416.337146072292
425.274870263880
370.611205863514
437.703234183959
377.382441396602
375.899004204031
112.181166131474
395.628659257383
416.214539256562
437.622704031368
414.706453307293
298.531465709586
208.202380901383
189.811993150718
169.740684039027
179.781267028872
399.458075846471
439.550526203452
435.878848414356
363.362025787196
100.603807562931
411.215040190957
433.575222568334
419.396638884263
439.509829290332
411.571125906904
340.540269218012
324.267256175690
288.635176420165
269.711209069604
430.345925033963
439.188982546899
355.877298948322
400.231414242818
286.178200398124
145.440059147421
-125.344590238233
-439.530689408212
-294.881996010468
-175.571220982163
147.361499563288
344.135308358647
439.541156174412
157.191311641743
386.273713936116
431.462873279450
423.977198497257
289.424924716213
94.3076015733283
-186.003969686399
-139.123907676152
-150.740643246797
183.195835400887
430.139227177992
403.938296838939
430.157369276749
306.414001422486
292.117339933547
408.868263685069
439.086581929343
377.293216028938
364.881213920579
439.451252610724
298.205088304287
282.399804668040
434.488199922281
363.300896659310
130.970698437908
26.8127100151878
11.4082128615030
-186.678328500589
14.2824919679355
23.1645318170867
-298.528012616780
417.919417185910
426.536727413970
425.843044563510
435.034565049448
281.903242795895
409.897559877346
420.956376871892
393.944067407105
432.369024716050
372.321108311681
267.819672702344
1.25648666036065
263.299764605670
439.365440542343
170.747961942740
1.85061701802445
-338.680225002008
-185.315495500152
280.944819596381
428.892930242911
383.653066724396
82.0696686830789
-241.481034095565
-412.222485968005
192.691529528443
-412.160543199017
-153.968709620177
236.069732450152
327.627823496796
239.597825981313
336.245364345924
178.229651367812
347.398755554292
342.840662370390
422.705504725702
403.920043148258
188.793768712950
-438.646535324882
433.017657274824
397.330037936642
158.165404266340
374.601503199896
374.898082153417
421.458228476846
317.980610620152
394.033966354146
259.658958353258
379.122491864856
413.731522619708
401.298529147386
426.408851970889
337.542787311937
-345.747209564317
8.75584002555101
166.539080813468
319.415774967920
432.149837524837
334.988570879715
324.956359822996
392.177646013372
346.495421478415
126.423262220018
434.403073292589
439.171221924704
258.194575806004
191.708963976567
330.271931675794
398.086273813624
438.438956090854
405.665367635073
410.007874009424
416.887287433763
328.873960878267
140.036228129624
387.087361739337
437.402690028682
439.411444697967
437.850589534563
436.149250778184
397.941911928043
397.347457404719
439.213397530251
434.503656132169
430.991902552584
411.800985207172
344.602897996141
415.612648504034
419.550124883026
438.250594414748
426.471863756505
414.714544833168
432.324727654855
429.263791306361
355.817358316213
412.951571853418
431.948583497498
382.269259781653
439.292919995059
383.222828095430
434.631648650179
398.006066646905
282.596831707289
412.478165880055
418.342990080023
423.492793358486
423.019730916533
429.783809907376
425.365676804138
426.621287829601
428.462222095403
433.638502202380
429.067784583223
343.116059511981
276.944711920824
439.546639003037
399.581633582544
439.105959959083
420.008943239034
375.512090501134
402.168144410547
278.290784238634
393.920302817025
434.386299931614
435.908566511721
435.156763102166
435.317482007115
431.620282303567
365.739549737196
387.427108924094
432.922899321851
437.753764255243
438.835308718735
438.456310024157
438.008888329210
439.550721882813
415.366382758035
437.830030082453
429.347313305970
439.362180331675
378.432976019336
319.381739338136
424.249425167399
433.772138718132
406.962645310707
424.912253042531
439.503824180862
436.444852286898
396.157718397834
390.058449068238
412.161136174311
430.951056898345
416.793778039781
436.387501093096
415.415956779727
438.606230316369
437.759865062595
430.066344296825
434.675193184357
434.048011033258
428.606321980207
436.828713047519
438.261178616486
432.364398175601
424.630489315528
398.810610796544
426.109921286767
439.403572493524
437.930488587335
412.545979267698
435.502932684788
437.679310417744
424.463746713112
382.215496946792
439.015575934888
416.316478003728
405.959426045522
439.550711383243
432.308643194428
439.018943467150
439.304248842823
435.301524519664
433.621254916348
437.341709030603
438.793061776815
437.716856243065
400.490884664439
303.217924215276
329.790664783531
377.479384930531
438.563261524163
297.833012034929
332.217134702259
424.396531176125
408.138261678376
439.550248686138
433.781547907636
428.115400108748
402.068746703297
439.406839750149
439.440563365406
439.117316912868
427.780755741048
416.401990268445
439.059214014927
428.556542271503
393.083999315914
388.182502522708
417.639418402817
409.498979260302
439.281148344610
388.879274754593
373.171527143971
380.865457050834
367.543526920108
434.044458193997
433.092285876917
439.537343773271
439.485563861875
392.905993780601
333.417474795647
399.728351252822
434.741388073678
421.876968776572
393.195597764741
431.734080449129
428.385794536685
373.464345277465
388.401238520986
349.502288211668
407.486936970749
438.087998870094
436.156527889090
425.476482543873
369.061733177024
362.960875779270
439.509798551296
438.814951121719
429.630778628182
431.658473839763
439.415072708685
417.858812604042
427.703923181766
433.798695399892
394.666129323896
438.601962999986
439.547869324244
399.699956346224
352.575675887143
343.025091701578
426.935505951284
406.827031974302
433.348464933616
377.246371091762
341.763697090590
283.228441659840
403.111742170761
317.167767369525
425.347233584720
438.896593966012
439.541910498324
439.138349905921
421.707034613268
437.560698622062
364.740974337665
360.613335070224
394.531292000167
404.281062401280
184.903008285827
-409.833967496923
119.617048763629
340.758848752887
438.340824528490
420.448461624325
422.118727752419
436.888017229731
419.048586835626
404.293486747138
436.767717233017
438.670379529546
425.380477835735
405.848685788414
433.012409761860
439.477803303389
380.253242405935
104.020014334475
219.317616487497
359.723019999778
390.433945869250
430.505328473506
432.846516449993
407.572983566459
375.451826449065
341.403966921312
391.723402555700
414.710080971588
-155.042384020197
-56.7211829473865
199.780627929986
384.605885708159
437.370026952252
432.627177423591
439.520706009874
394.198460091887
404.612916762957
416.610939287518
428.409285744995
428.899759152679
407.411720114200
414.410523378802
435.952722541959
323.041830076543
428.657902482376
379.272559900004
421.509030742847
404.603093562744
242.808723359264
402.498692862202
426.878406794317
404.786574905027
427.671418429552
428.931453554345
400.145681884025
415.462525909455
439.272157930719
431.960801644098
404.455334058447
438.871406674881
435.182057692221
434.006837196932
435.306348087080
436.363924244011
436.289752089040
432.045587813902
340.232248017477
438.694207372836
227.988051888141
253.379799452056
405.492645209198
432.123671178552
429.012866546451
436.749870224776
408.923462793965
424.525393531186
429.723863073613
436.977984071003
430.269998421575
438.386794835136
359.206926840208
433.558501731601
436.201073712630
383.412067576595
390.502168290162
427.989144348206
324.241925355988
265.961159794604
419.971083226429
432.413519290263
348.370198627314
383.014250708169
359.245892370463
310.598810859605
393.877909928571
439.536816434731
437.240988854245
434.943856575897
404.975258725585
290.376087911526
104.762650422534
415.350454577101
364.329318531833
392.642451595812
399.218553331437
436.180389906104
381.288880374366
299.049106514718
297.254012546174
376.377045673227
436.796848367445
429.054918339204
419.391796915891
428.134635529594
387.071569925667
297.747349539723
383.441962450087
438.879728022253
435.679943053165
199.903315169360
406.409647600156
429.401640518852
412.308019540093
427.071910096534
423.219622856880
433.411807802751
424.650350061379
362.734344285452
388.474576225987
433.150198715094
386.788068041522
306.549670408287
438.775846940852
439.029892313087
439.409477121519
439.511373828640
438.778373106310
420.370390782154
405.763270395276
425.516336714816
431.865636931391
405.222833127004
439.272670755072
431.547019973227
407.333700586597
418.992750763372
439.546434751225
431.661161250663
400.275293343527
375.979786266993
425.141743785796
429.746633491272
369.426293173005
358.070110802834
436.547555340012
439.503361389139
418.454977830652
434.400547664602
438.175809901400
385.173612632870
363.040859971395
434.087558865698
435.868382940134
439.304657256565
421.845791268113
414.613211800120
437.508270386263
439.473712341281
439.552912224463
439.473712510007
437.508270137116
414.613210951016
421.845790824006
439.304658155267
435.868382563753
434.087556700155
363.040862529862
385.173612930046
438.175809299911
434.400547856411
418.454978118578
439.503360298515
436.547555805631
358.070111369647
369.426293285343
429.746633533822
425.141743638973
375.979785476964
400.275293731957
431.661161776607
439.546434696740
418.992750167962
407.333700234929
431.547021009640
439.272670627433
405.222831583898
431.865637340390
425.516337350053
405.763270941421
420.370390803956
438.778372901287
439.511373369532
439.409477092496
439.029891436977
438.775846458015
306.549671818508
386.788068116934
433.150198835417
388.474576363938
362.734344220583
424.650349945911
433.411807764387
423.219622642570
427.071910237533
412.308019933163
429.401640444121
406.409646186048
199.903315509052
435.679943697865
438.879727779366
383.441961994200
297.747349157722
387.071567776649
428.134637404137
419.391798676809
429.054918517163
436.796848262755
376.377045198684
297.254008279691
299.049110161768
381.288881444471
436.180389646509
399.218552579471
392.642451155988
364.329285901612
415.350491502043
104.762650824562
290.376088196459
404.975258804252
434.943856472415
437.240988932216
439.536816494462
393.877909777664
310.598810448049
359.245892339975
383.014249970639
348.370195965695
432.413518336306
419.971087843470
265.961160411315
324.241925388692
427.989144230086
390.502167713859
383.412067780553
436.201074152632
433.558501329799
359.206924872156
438.386797254212
430.269998307333
436.977982964530
429.723863740712
424.525394220693
408.923462784843
436.749869736967
429.012867282665
432.123671356517
405.492644855597
253.379794376760
227.988056411846
438.694206735388
340.232247046559
432.045589308014
436.289751856348
436.363924591593
435.306347633362
434.006837536056
435.182057503121
438.871407042254
404.455334380061
431.960800980877
439.272157151114
415.462526750399
400.145682472988
428.931453620976
427.671417933746
404.786574746605
426.878404988349
402.498694302524
242.808723924612
404.603093608675
421.509030465795
379.272558168559
428.657904521240
323.041830248040
435.952722502712
414.410523189786
407.411719947511
428.899759063174
428.409285838892
416.610939225964
404.612916233075
394.198459289746
439.520707647005
432.627177626413
437.370026781746
384.605885694926
199.780627709763
-56.7211818844569
-155.042387056077
414.710081032946
391.723400386854
341.403966987502
375.451828327949
407.572983808595
432.846516368716
430.505328226103
390.433945606214
359.723017058913
219.317616599250
104.020015226231
380.253242384229
439.477802783301
433.012410179814
405.848685990966
425.380477735608
438.670378592644
436.767717819397
404.293487242411
419.048586674541
436.888017044410
422.118728186971
420.448461743259
438.340824476162
340.758848323255
119.617044667031
-409.833981851343
184.903008414645
404.281062284502
394.531289795621
360.613336417293
364.740974781730
437.560698077597
421.707034632166
439.138349921580
439.541910613921
438.896594437739
425.347233127960
317.167745936595
403.111768631439
283.228442397123
341.763697335644
377.246371167029
433.348464633829
406.827028720069
426.935508413732
343.025092529003
352.575676100940
399.699956266012
439.547868340105
438.601963985612
394.666129421483
433.798695077159
427.703923270157
417.858812521975
439.415072673614
431.658473965266
429.630778452261
438.814950585629
439.509798865974
362.960876350246
369.061733213094
425.476482347455
436.156527936189
438.087998951833
407.486936745219
349.502286548880
388.401239649249
373.464346192043
428.385794623798
431.734080339649
393.195597615134
421.876968829394
434.741388079812
399.728351064698
333.417474191116
392.905993883225
439.485564150115
439.537343669809
433.092285335139
434.044459049781
367.543527127026
380.865456880925
373.171527413436
388.879274924886
439.281148289925
409.498978664631
417.639418244601
388.182503057775
393.083999484746
428.556542298575
439.059213881428
416.401989890335
427.780755538962
439.117317274870
439.440563224608
439.406839798262
402.068747112261
428.115400064894
433.781547398420
439.550249035666
408.138261690006
424.396530942309
332.217135087913
297.833012082522
438.563261512978
377.479384776523
329.790664498031
303.217923530989
400.490885504566
437.716856239023
438.793061945274
437.341709238421
433.621254745841
435.301524594442
439.304248875928
439.018943507219
432.308643366873
439.550711292788
405.959425685879
416.316477467512
439.015576582502
382.215497327074
424.463746662939
437.679310021139
435.502933050322
412.545979397577
437.930488593059
439.403572470853
426.109921210308
398.810610626262
424.630489187320
432.364398198690
438.261178814427
436.828713103863
428.606322012610
434.048011006367
434.675192995242
430.066344311040
437.759865240975
438.606230199430
415.415956241556
436.387501658101
416.793778043665
430.951056033215
412.161136417115
390.058449674867
396.157718489133
436.444852212146
439.503824051484
424.912253247810
406.962645403363
433.772138698004
424.249425039356
319.381738884462
378.432976264699
439.362180418075
429.347312901328
437.830030673436
415.366382866760
439.550721773767
438.008888302017
438.456310069164
438.835308686571
437.753763891475
432.922899307602
387.427109333477
365.739549834700
431.620282309215
435.317481818087
435.156763186089
435.908566646801
434.386299925883
393.920302510750
278.290782437284
402.168147159607
375.512090591321
420.008943258493
439.105959798062
399.581632224007
439.546640381736
276.944712137636
343.116059556672
429.067784547964
433.638502147668
428.462222151475
426.621287830052
425.365676743068
429.783809816910
423.019730885735
423.492793157546
418.342988460966
412.478167595658
282.596831863174
398.006066689329
434.631648563514
383.222827065469
439.292921109858
382.269259858537
431.948583309097
412.951572002580
355.817358404523
429.263791299907
432.324727636906
414.714544849908
426.471863782430
438.250594412310
419.550124723131
415.612648521696
344.602898110390
411.800985181030
430.991902428662
434.503656217541
439.213397375048
397.347457448106
397.941912100284
436.149250766139
437.850589466799
439.411444763292
437.402690030763
387.087361121783
140.036228320656
328.873960980478
416.887287431939
410.007874041683
405.665367635701
438.438956064491
398.086273797092
330.271931683980
191.708963943125
258.194575757908
439.171221993525
434.403073245195
126.423262018258
346.495421999826
392.177645957832
324.956359640702
334.988571241316
432.149837556964
319.415774932246
166.539080685639
8.75584000644616
-345.747210557666
337.542787351884
426.408851824676
401.298529219277
413.731522682423
379.122491657362
259.658958443751
394.033966385878
317.980610398991
421.458228838605
374.898082160536
374.601503144393
158.165404100480
397.330038207122
433.017657026630
-438.646535829923
188.793768722363
403.920043142534
422.705504663634
342.840662187379
347.398755760934
178.229651370222
336.245364360799
239.597825980994
327.627823503116
236.069732432359
-153.968707877964
-412.160547697055
192.691529594256
-412.222486020936
-241.481034102285
82.0696686836236
383.653066729058
428.892930240783
280.944819582409
-185.315495476711
-338.680225012611
1.85061701810801
170.747961930649
439.365436888156
263.299766817678
1.25648666046291
267.819672704891
372.321108304722
432.369024694939
393.944067385602
420.956376440507
409.897560319793
281.903242809138
435.034565046030
425.843044549543
426.536727381169
417.919416936152
-298.528012467834
23.1645317903193
14.2824920005887
-186.678328516652
11.4082128615897
26.8127100157389
130.970698438552
363.300896655933
434.488199911304
282.399804669942
298.205088301249
439.451252620801
364.881213922318
377.293216025195
439.086581932019
408.868263677506
292.117339680847
306.414001682485
430.157369290087
403.938296842012
430.139227178372
183.195835398797
-150.740643125618
-139.123907022729
-186.003970700893
94.3076015793520
289.424924717452
423.977198495614
431.462873266185
386.273713882008
157.191311669521
439.541156177976
344.135308358314
147.361499561286
-175.571220967335
-294.881996006098
-439.530689435448
-125.344590242074
145.440059148301
286.178200358980
400.231414288291
355.877298959623
439.188982540537
430.345925021135
269.711209081906
288.635176420084
324.267256173157
340.540269221883
411.571125906006
439.509829272076
419.396638903374
433.575222568749
411.215040188391
100.603807554411
363.362025816779
435.878848413457
439.550526197218
399.458075854004
179.781267030665
169.740684039143
189.811993150705
208.202380901249
298.531465709482
414.706453307585
437.622704031581
416.214539256528
395.628659256366
112.181166131752
375.899004204212
377.382441396614
437.703234183957
370.611205863523
425.274870263889
416.337146072293
182.515681944426
337.881679101697